maxent_output/Amborella_trichopoda_avg.asc
ncols         732
nrows         480
xllcorner     162.7
yllcorner     -23.0
cellsize      0.00833333333333333
NODATA_value  -9999
[rows 352 to 383 of 480, columns 432 to 503 of 732]
1.00306E-2 3.26256E-2 1.57104E-2 4.63557E-2 9.40248E-2 9.49137E-3 2.11221E-2 1.51047E-2 3.17139E-2 1.08222E-2 4.53006E-2 1.48005E-2 3.34931E-2 5.38205E-3 7.13839E-3 1.70226E-2 1.4987E-2 2.12394E-2 9.07566E-3 1.06272E-1 4.20089E-2 4.10749E-2 1.41857E-1 3.66774E-2 3.19464E-2 9.41727E-3 9.84673E-3 3.24799E-3 1.38864E-2 6.60559E-2 4.87756E-2 1.86672E-2 7.61187E-3 2.19703E-2 1.2737E-2 2.22895E-2 1.075E-2 8.12428E-3 2.24272E-2 2.39973E-2 -9999 -9999 -9999 -9999 1.04623E-2 -9999 -9999 -9999 -9999 -9999 -9999 -9999 -9999 -9999 -9999 -9999 -9999 -9999 -9999 -9999 -9999 -9999 -9999 -9999 -9999 -9999 -9999 -9999 -9999 -9999 -9999 -9999
1.68481E-2 1.04847E-2 3.93714E-3 3.54403E-2 8.47278E-3 2.57249E-2 2.96596E-2 8.49117E-3 8.92445E-3 2.29647E-2 1.3421E-2 3.55553E-2 5.67972E-2 3.02663E-2 1.61258E-2 4.99741E-3 1.15544E-2 2.64096E-2 3.52272E-2 2.14726E-2 1.5838E-2 1.67738E-2 3.76736E-2 9.14584E-2 3.54009E-2 6.30839E-2 9.78285E-4 4.01019E-4 3.51793E-3 1.84982E-2 1.92026E-2 9.19274E-3 1.44799E-2 1.43803E-2 7.72505E-3 1.42084E-2 1.53574E-2 8.24413E-3 1.54585E-2 8.20816E-3 9.465E-3 7.88223E-3 -9999 -9999 1.93808E-3 8.32039E-3 -9999 -9999 -9999 -9999 -9999 -9999 -9999 -9999 -9999 -9999 -9999 -9999 -9999 -9999 -9999 -9999 -9999 -9999 -9999 -9999 -9999 -9999 -9999 -9999 -9999 -9999
1.62152E-2 4.52598E-2 1.72602E-2 1.99882E-2 1.87071E-2 7.55573E-3 1.69307E-2 1.25813E-2 8.8982E-3 1.16029E-2 1.12821E-2 1.47874E-2 1.84174E-2 3.33041E-2 3.47752E-2 2.23116E-2 7.07543E-3 1.23646E-2 1.48086E-2 1.35762E-2 1.3141E-2 2.20086E-2 2.66566E-2 2.65194E-2 2.63539E-3 1.51049E-3 6.48708E-4 8.65457E-4 3.49578E-3 5.90452E-3 3.00152E-2 2.264E-2 5.20902E-2 7.38908E-3 7.50521E-3 3.09913E-3 4.94809E-3 7.77915E-3 1.98566E-2 1.63014E-2 1.89742E-2 3.69119E-2 4.88425E-2 3.15045E-2 1.45366E-2 7.47627E-2 8.31737E-2 5.27649E-2 -9999 -9999 -9999 -9999 -9999 -9999 -9999 -9999 -9999 -9999 -9999 -9999 -9999 -9999 -9999 -9999 -9999 -9999 -9999 -9999 -9999 -9999 -9999 -9999
8.07428E-3 3.54026E-2 3.1285E-2 1.86099E-2 3.2741E-2 3.5401E-3 5.13375E-3 7.31552E-3 9.54603E-3 1.45964E-2 2.76546E-2 2.62282E-2 2.09367E-2 2.57165E-2 2.72052E-2 3.6095E-2 6.97816E-3 2.13247E-2 1.96903E-2 2.1922E-2 1.36311E-2 3.13339E-2 3.22475E-2 4.38267E-2 9.95312E-3 1.96575E-3 1.68261E-3 2.73419E-3 3.60367E-3 4.67154E-3 5.65285E-2 4.05908E-2 5.85925E-2 1.32216E-2 2.95362E-2 8.64776E-3 4.84825E-3 1.07949E-2 1.19816E-2 2.75496E-2 8.01762E-2 3.44259E-2 2.37234E-2 5.82529E-3 1.5946E-2 5.81523E-3 2.01248E-2 8.03226E-3 1.7483E-2 -9999 -9999 -9999 -9999 -9999 -9999 -9999 -9999 -9999 -9999 -9999 -9999 -9999 -9999 -9999 -9999 -9999 -9999 -9999 -9999 -9999 -9999 -9999
1.33348E-2 1.17666E-2 4.27234E-2 3.42605E-2 2.99026E-2 2.99329E-2 9.47414E-3 2.23697E-3 6.44021E-3 1.22585E-2 2.87387E-2 1.93162E-2 8.69017E-3 3.29598E-2 3.32018E-2 1.30633E-2 6.00177E-3 9.5877E-3 6.28417E-3 5.13956E-3 5.22571E-3 3.10198E-2 1.68321E-2 1.39973E-2 2.48822E-2 4.27224E-2 1.2999E-2 2.53302E-3 2.94928E-3 1.8046E-2 5.48722E-2 2.75972E-2 1.98974E-2 2.46011E-2 1.76221E-2 4.8964E-2 2.09698E-2 1.11021E-2 2.85872E-2 1.58732E-2 3.41138E-2 2.56735E-2 1.91631E-2 6.1683E-3 7.20285E-3 2.0332E-3 7.16268E-3 8.97931E-3 -9999 -9999 -9999 -9999 -9999 -9999 -9999 -9999 -9999 -9999 -9999 -9999 -9999 -9999 -9999 -9999 -9999 -9999 -9999 -9999 -9999 -9999 -9999 -9999
8.219E-3 1.36805E-2 8.34532E-3 1.53428E-2 1.57338E-2 2.10262E-2 8.89826E-3 2.79189E-2 1.72318E-2 2.07745E-2 2.08176E-3 1.92906E-2 1.04702E-2 1.10335E-2 1.97937E-2 1.54325E-2 1.92685E-2 5.56445E-3 4.53429E-3 5.84739E-3 1.50611E-2 2.02193E-2 3.86983E-2 3.80981E-2 1.78661E-2 3.26299E-2 1.15855E-2 5.85551E-3 1.27603E-2 4.57951E-2 1.14794E-2 1.42889E-2 1.00283E-2 2.57421E-2 3.86357E-3 1.49479E-2 1.23335E-2 1.03692E-2 2.41326E-2 5.23685E-2 1.84568E-1 4.84765E-2 6.31548E-2 8.21096E-3 4.20626E-3 3.55397E-3 -9999 -9999 -9999 -9999 -9999 -9999 -9999 -9999 -9999 -9999 -9999 -9999 -9999 -9999 -9999 -9999 -9999 -9999 -9999 -9999 -9999 -9999 -9999 -9999 -9999 -9999
1.22453E-2 1.67276E-2 6.79905E-3 1.0084E-2 9.66509E-3 1.39589E-2 2.21349E-2 3.66671E-2 2.72477E-2 1.2827E-2 5.14204E-3 1.64313E-3 2.35372E-3 2.88166E-2 1.93239E-2 1.14016E-2 1.74256E-2 9.67453E-3 6.0892E-3 4.10763E-3 1.48708E-2 3.62025E-2 2.47618E-2 1.02779E-2 6.44801E-3 8.10852E-3 8.79178E-3 1.12341E-2 1.05239E-2 3.40859E-2 5.82186E-2 8.18168E-3 1.17362E-2 1.17397E-2 1.04731E-2 3.98048E-2 3.10705E-2 6.62232E-2 8.67041E-2 6.05476E-2 3.07921E-2 4.15813E-2 1.05797E-2 5.61746E-3 -9999 -9999 -9999 -9999 -9999 -9999 -9999 -9999 -9999 -9999 -9999 -9999 -9999 -9999 -9999 -9999 -9999 -9999 -9999 -9999 -9999 -9999 -9999 -9999 -9999 -9999 -9999 -9999
2.10945E-2 2.40612E-2 2.44818E-3 7.30845E-3 1.30929E-2 1.30393E-2 2.35664E-3 1.20123E-2 1.12912E-2 8.11765E-3 1.93555E-2 6.77655E-3 2.34811E-2 1.15611E-2 6.41948E-3 1.00108E-2 3.44844E-2 1.87691E-2 1.63334E-3 4.66349E-3 1.51781E-2 1.92568E-2 7.64616E-3 1.44552E-2 3.25484E-3 3.87031E-3 2.0679E-2 2.92135E-2 4.76496E-2 4.03671E-2 4.98565E-2 2.9158E-2 1.06169E-2 1.55718E-2 7.34937E-2 1.63109E-2 5.54856E-2 2.60228E-2 2.88183E-2 2.07851E-2 9.24443E-3 7.77383E-3 5.63569E-3 4.24529E-3 1.9337E-2 5.98367E-3 5.2884E-3 1.12654E-2 3.07855E-2 1.42731E-2 1.1339E-2 5.35017E-3 -9999 1.064E-2 -9999 -9999 -9999 -9999 -9999 -9999 -9999 -9999 -9999 -9999 -9999 -9999 -9999 -9999 -9999 -9999 -9999 -9999
3.4308E-2 7.96208E-3 8.79687E-3 1.20016E-2 9.08757E-3 2.58212E-2 4.45264E-3 6.71716E-3 2.33922E-2 1.3803E-2 1.44549E-2 1.57693E-2 7.82906E-3 4.93591E-3 9.91043E-3 4.13733E-3 2.0856E-2 1.01036E-2 5.47588E-3 1.7862E-3 1.21447E-2 1.22626E-3 1.26553E-3 8.70533E-4 1.0519E-3 3.06556E-3 8.01188E-3 4.46783E-2 4.32029E-2 4.27908E-2 2.41619E-2 2.6958E-2 2.8954E-2 6.444E-2 1.47676E-2 7.36657E-2 2.28018E-2 2.62938E-2 7.40565E-3 2.10329E-2 2.18283E-2 1.24414E-2 5.53598E-3 1.13125E-2 1.44905E-2 1.79659E-2 4.14389E-2 4.27866E-3 8.20904E-3 4.75547E-2 9.55034E-3 6.1596E-3 3.10094E-3 1.40587E-2 -9999 -9999 -9999 -9999 -9999 -9999 -9999 -9999 -9999 -9999 -9999 -9999 -9999 -9999 -9999 -9999 -9999 -9999
1.68536E-2 1.11498E-2 1.34101E-2 7.82449E-3 2.06704E-2 2.02556E-2 5.45855E-3 6.05019E-3 2.04732E-2 2.64307E-2 2.06565E-2 1.35242E-2 1.96225E-2 1.87788E-2 1.49697E-2 4.30678E-3 1.82305E-2 1.28696E-2 6.3151E-3 9.70506E-3 7.63648E-4 2.26709E-3 2.55303E-3 2.36708E-3 2.57252E-3 3.10304E-3 1.27093E-2 8.06745E-3 5.74986E-3 2.38067E-2 3.41299E-2 2.5979E-2 7.21956E-2 3.4063E-2 2.27534E-2 6.92248E-3 2.2733E-2 1.26976E-2 1.30276E-2 2.0274E-2 1.24846E-2 6.65718E-3 1.35663E-2 2.87519E-3 5.97178E-2 3.64358E-2 1.99392E-2 1.08499E-2 5.62245E-2 7.13922E-2 2.66266E-2 3.29885E-2 6.13851E-2 5.29997E-3 -9999 -9999 -9999 -9999 -9999 -9999 -9999 -9999 -9999 -9999 -9999 -9999 -9999 -9999 -9999 -9999 -9999 -9999
5.15415E-3 8.73593E-3 1.48038E-2 3.36189E-2 3.15715E-3 1.84693E-3 6.30093E-3 4.15318E-3 1.54831E-2 1.00321E-2 6.60471E-3 8.39147E-3 1.65628E-2 1.9565E-2 1.74386E-2 1.31748E-2 1.82506E-2 4.12226E-2 3.65253E-2 1.71823E-2 3.65392E-3 6.58332E-3 2.52246E-2 1.47594E-2 1.20207E-2 8.69562E-3 9.71369E-3 1.58714E-2 2.15572E-2 1.04019E-2 3.04163E-2 1.36113E-2 1.69013E-2 1.71685E-2 1.04529E-2 1.40343E-2 2.91711E-3 1.21454E-2 1.46061E-2 4.83193E-2 2.85113E-2 1.23457E-2 4.06093E-2 1.82045E-2 3.95771E-2 2.11185E-2 4.44527E-2 3.73841E-2 4.45326E-2 4.94543E-2 7.30134E-3 1.69147E-2 1.36344E-2 2.36343E-2 3.13517E-3 1.02175E-2 2.9276E-3 -9999 -9999 -9999 -9999 -9999 -9999 -9999 -9999 -9999 -9999 -9999 -9999 -9999 -9999 -9999
6.95804E-2 6.06649E-2 1.77278E-2 1.21978E-2 1.60736E-2 1.76565E-2 1.89824E-2 2.40699E-2 1.89971E-2 1.91563E-2 1.05704E-2 4.05968E-3 2.10207E-2 9.78876E-3 5.90571E-3 2.19903E-2 2.26249E-2 6.34675E-3 7.90441E-3 5.16308E-3 6.38455E-3 1.49101E-2 2.64917E-2 1.41755E-2 2.43323E-2 1.40596E-2 3.40978E-2 4.89444E-2 5.41896E-2 2.94748E-2 1.29145E-2 1.82477E-2 2.12534E-2 2.08951E-2 9.00829E-3 2.80553E-2 1.51754E-2 2.32245E-2 1.43373E-2 1.67551E-2 7.41028E-2 1.1242E-1 9.18652E-2 4.43107E-2 7.02966E-2 3.43799E-2 1.39698E-1 6.70986E-2 1.40073E-2 1.22963E-2 8.34147E-3 5.85926E-3 6.35495E-3 2.81642E-3 4.64011E-3 3.71311E-2 1.60902E-2 2.52895E-3 1.10489E-2 2.64091E-2 1.652E-2 -9999 -9999 -9999 -9999 -9999 -9999 -9999 -9999 -9999 -9999 -9999
1.54867E-2 4.39177E-2 3.70666E-2 2.64663E-2 1.1639E-2 1.00123E-2 1.58174E-2 9.78673E-3 1.23082E-2 1.99049E-3 2.93332E-3 4.6281E-3 6.65818E-3 6.7359E-3 6.28839E-3 1.51257E-2 3.06593E-3 4.63775E-3 4.06007E-3 2.64161E-3 5.36716E-3 7.66828E-4 3.35313E-3 3.54963E-3 3.79428E-3 4.10309E-3 1.53438E-2 3.16165E-2 5.68363E-3 3.50604E-3 6.89774E-3 1.56914E-2 7.19245E-2 2.3006E-2 1.32675E-2 6.33726E-3 7.18983E-3 1.8532E-2 8.43535E-3 5.47531E-3 1.05557E-2 3.36823E-2 6.93654E-2 3.35091E-2 7.62102E-2 1.0843E-1 6.86447E-2 3.13211E-2 1.38231E-2 4.61107E-3 3.76741E-3 6.33103E-3 1.34591E-3 2.64916E-3 8.46866E-3 8.1282E-2 1.04719E-2 1.55814E-2 3.72047E-2 1.44189E-1 5.11613E-2 1.41555E-2 1.6277E-2 3.34912E-3 1.49383E-3 7.87498E-4 1.33185E-3 -9999 -9999 -9999 -9999 -9999
9.03323E-3 7.4732E-3 1.3869E-2 7.02697E-3 7.35428E-3 7.94653E-3 3.27159E-3 6.71231E-3 7.0461E-3 4.25017E-3 4.69146E-3 2.13129E-3 2.37566E-3 1.09907E-2 8.77547E-3 3.17552E-3 5.79181E-3 3.2517E-3 1.05685E-2 2.22888E-2 9.82393E-3 4.95898E-3 9.51095E-3 1.98665E-3 3.64764E-3 2.65863E-3 2.409E-3 9.36843E-3 8.39343E-3 1.94854E-3 5.47597E-3 1.2656E-2 6.18637E-3 2.40099E-3 1.21014E-2 3.03674E-2 2.40191E-2 4.66178E-3 1.53226E-2 1.2753E-2 1.35722E-2 1.67547E-2 1.46395E-2 4.56568E-3 1.0505E-2 4.20263E-3 1.11914E-2 4.08832E-3 4.70099E-3 1.73994E-3 9.74816E-3 4.73383E-2 5.53733E-3 1.43485E-3 7.21866E-3 2.83392E-2 4.8304E-2 2.33146E-2 7.62706E-2 4.95878E-2 1.47659E-2 6.63332E-3 3.22213E-3 6.96022E-3 4.63645E-2 2.03867E-3 8.17361E-4 1.4326E-3 -9999 -9999 -9999 -9999
2.18756E-3 7.5855E-3 1.09767E-2 3.89059E-3 1.54832E-3 3.84242E-3 3.14663E-3 6.4696E-3 5.07075E-3 3.56817E-3 4.55936E-3 4.97563E-3 4.50618E-3 3.63923E-3 1.81285E-3 2.24215E-3 1.72008E-2 4.79793E-3 1.86651E-2 1.81648E-2 1.38181E-2 1.16342E-2 1.48343E-2 8.43266E-3 5.11969E-3 3.24902E-3 1.04075E-2 2.61835E-3 1.58293E-2 7.75856E-3 1.90349E-2 7.50225E-3 2.80811E-3 4.95879E-3 5.72833E-3 2.20845E-2 2.93637E-2 3.15898E-2 1.34187E-2 1.03744E-2 2.61755E-2 5.42856E-3 6.22577E-3 1.50619E-2 1.02494E-2 7.01382E-3 4.46165E-2 1.10286E-2 4.07185E-3 4.45734E-3 5.20969E-2 1.69154E-2 4.95942E-3 3.21884E-3 6.72254E-3 1.15463E-2 1.04692E-2 4.90502E-2 6.97143E-2 1.49998E-1 1.90521E-2 9.38994E-3 1.01208E-2 5.04411E-2 4.66148E-3 1.91839E-3 4.37113E-3 4.30392E-2 4.36476E-2 -9999 -9999 -9999
2.32077E-3 1.03346E-2 8.63352E-3 2.01755E-2 4.52527E-3 1.58658E-3 5.75621E-3 2.2865E-2 2.01875E-2 1.09696E-2 2.36225E-2 9.03524E-3 6.15277E-3 3.68049E-3 7.02862E-3 2.68219E-3 2.32931E-3 4.48079E-3 2.42856E-3 6.04288E-3 4.70492E-3 2.20752E-2 7.47767E-3 8.77501E-3 7.23565E-3 7.70732E-3 1.74814E-2 5.21734E-3 2.88974E-3 3.82106E-3 4.16561E-3 3.50771E-3 1.59935E-2 1.376E-2 1.12658E-2 1.48163E-2 1.27323E-2 1.98229E-2 1.56385E-2 4.77494E-2 7.46692E-3 6.76358E-3 4.64386E-3 3.58297E-3 9.86672E-3 4.17382E-2 3.46824E-2 1.42498E-2 2.31522E-2 2.55368E-2 2.07764E-2 1.7158E-2 3.3959E-3 5.68723E-3 3.79608E-3 3.56916E-3 4.3074E-3 5.18356E-2 7.58346E-2 3.97308E-2 1.06387E-2 3.08854E-2 2.97658E-2 7.36626E-2 3.26367E-3 2.72709E-3 5.01644E-2 5.41143E-2 1.64327E-2 2.78332E-3 7.87085E-3 -9999
2.13703E-3 4.60792E-3 2.36875E-3 2.11235E-2 9.47087E-3 2.68071E-2 1.84141E-2 2.03415E-2 1.10517E-2 2.58949E-2 1.77959E-2 1.42505E-2 1.52125E-2 3.31553E-3 6.42263E-3 2.37996E-3 8.83052E-4 4.39184E-3 6.22146E-3 1.36543E-2 3.81069E-3 5.74629E-3 5.48094E-3 5.95927E-3 1.81733E-2 2.95572E-2 7.90949E-3 5.43672E-3 3.11975E-3 2.52176E-3 6.60617E-3 1.64904E-2 3.714E-2 1.05305E-2 1.18506E-2 1.51149E-2 1.56446E-2 1.17983E-2 9.32805E-3 1.41514E-2 2.51786E-2 1.18087E-2 1.31435E-2 1.98073E-2 5.3256E-3 7.01666E-3 7.93591E-3 3.85761E-2 1.91092E-2 7.47339E-2 3.1117E-2 5.86718E-3 1.15591E-3 5.59206E-3 1.79463E-2 1.64133E-2 1.38559E-1 8.43878E-2 2.49887E-2 1.41116E-1 1.97442E-2 6.17251E-2 1.10067E-1 3.76335E-2 1.3255E-2 5.02818E-2 1.86953E-2 1.16338E-2 5.30041E-3 4.05184E-2 2.40748E-2 1.3341E-2
1.52716E-3 6.69381E-3 2.19967E-3 4.10991E-3 1.36575E-2 1.72284E-2 2.60666E-2 4.02177E-2 1.30824E-2 1.72538E-2 7.71053E-3 1.10619E-2 9.44761E-3 1.28641E-2 1.62568E-2 4.99967E-3 6.12868E-3 3.76557E-3 5.1213E-3 3.08061E-3 6.6523E-3 3.43848E-3 4.54649E-3 1.1868E-2 6.81656E-3 2.24467E-3 5.92804E-3 8.63535E-3 3.21899E-2 2.88668E-3 1.67772E-3 4.76114E-3 7.24188E-3 2.79478E-3 3.14633E-3 6.22334E-3 6.45465E-3 5.16718E-3 1.15446E-2 1.13652E-2 2.37497E-2 3.20264E-2 1.77145E-2 3.43369E-2 1.38104E-1 2.27403E-2 2.87026E-2 3.12412E-2 2.62831E-2 5.25525E-2 8.44344E-2 1.87698E-2 1.52398E-3 6.83328E-3 3.71609E-2 1.08704E-1 1.15014E-1 9.20715E-2 5.40735E-2 9.74901E-2 4.60626E-2 1.06316E-1 2.29923E-2 2.38347E-2 3.58853E-2 1.89704E-1 2.80363E-2 5.29641E-3 1.59308E-2 7.0218E-2 7.73051E-2 5.88294E-2
4.50746E-3 2.90529E-3 3.12243E-3 3.27629E-3 6.36072E-3 8.6299E-3 7.20091E-3 4.56497E-3 1.84604E-3 3.54688E-3 3.55041E-3 5.28049E-3 4.56189E-3 8.39046E-3 7.61031E-3 2.10476E-2 6.80575E-3 4.72803E-3 7.9571E-3 1.10226E-2 1.3746E-3 2.75564E-3 1.92124E-3 6.84667E-3 5.22113E-3 4.9292E-3 1.45762E-2 1.36677E-2 2.96061E-3 1.40534E-2 3.11782E-3 4.31107E-3 1.28967E-2 1.18486E-2 4.76393E-3 7.23806E-3 6.82596E-3 1.48124E-2 1.62366E-2 5.90607E-3 1.37499E-2 1.2616E-2 4.40239E-2 2.80795E-2 1.62436E-2 1.96992E-2 1.06313E-2 3.01853E-2 3.92671E-2 4.75838E-2 1.97192E-2 8.15848E-3 4.02087E-2 8.44875E-3 7.62049E-3 2.42771E-2 1.03987E-2 9.59716E-2 6.19036E-2 1.17591E-1 1.09847E-1 6.95331E-2 1.35886E-1 1.19461E-1 3.69263E-2 3.51717E-1 7.52927E-2 4.3064E-3 7.33782E-2 1.6843E-1 7.14829E-2 3.95018E-1
9.94936E-4 1.54528E-3 1.35446E-3 1.0736E-3 2.63086E-3 3.66766E-3 2.78291E-3 1.99141E-3 2.35968E-3 1.48543E-3 1.24374E-3 2.19579E-3 5.88578E-3 1.07315E-2 3.05172E-3 1.00738E-2 7.23719E-3 1.7119E-2 5.67517E-3 1.28848E-3 1.12102E-3 3.78946E-3 6.75258E-3 3.92799E-3 6.32824E-3 1.83088E-3 3.41434E-3 4.54586E-3 4.24395E-3 5.3473E-3 6.34621E-3 3.12526E-3 7.23477E-3 2.00727E-2 1.56622E-2 4.01845E-3 2.24263E-3 2.38031E-3 6.26029E-3 3.20994E-3 3.49177E-3 4.67336E-3 1.95865E-2 1.08781E-2 2.57349E-3 2.78321E-3 2.50048E-3 1.30033E-2 1.60522E-2 2.73018E-2 5.28944E-2 1.13257E-1 1.38393E-2 2.90496E-3 5.49107E-3 4.48277E-3 6.01758E-3 2.42797E-2 1.10692E-1 4.57081E-2 2.41983E-2 2.47893E-2 1.93624E-2 6.90926E-2 1.45682E-1 1.56665E-1 1.69196E-1 6.55178E-3 2.91945E-1 1.38291E-1 1.6286E-1 1.3827E-1
6.47135E-4 1.12011E-3 4.1406E-4 7.7219E-4 3.4188E-3 2.02225E-3 2.10204E-3 9.84988E-4 1.01737E-3 1.11035E-3 3.83307E-4 2.37188E-3 4.35644E-3 1.47509E-2 2.29898E-3 3.88173E-3 7.99899E-3 7.37015E-3 4.62668E-3 4.12296E-3 7.49085E-4 2.01483E-3 3.6809E-3 2.0138E-3 2.65183E-3 1.10209E-3 9.02086E-4 1.31433E-3 5.89279E-4 1.94807E-3 5.18718E-3 1.12542E-2 3.22475E-3 1.34776E-2 9.42925E-3 6.59323E-3 3.93241E-3 4.72439E-3 8.10724E-3 1.59441E-2 2.66732E-3 4.8126E-3 1.37701E-3 7.26358E-4 3.78067E-3 2.51538E-3 2.60913E-3 2.40522E-3 1.8142E-3 6.55722E-3 1.15012E-2 1.55433E-2 2.2336E-2 7.68701E-3 1.19859E-3 3.08089E-3 1.20993E-2 1.85359E-2 2.52054E-2 1.81547E-2 5.47547E-3 4.2356E-3 4.08999E-3 2.92484E-2 5.52276E-2 5.57247E-2 1.53671E-1 8.1522E-2 1.3787E-1 9.37699E-2 1.68814E-1 2.0088E-1
7.5449E-4 7.66389E-4 6.42777E-4 4.33443E-4 7.30793E-4 1.18553E-3 1.4736E-3 9.76376E-4 8.07072E-4 1.03174E-3 9.94987E-4 1.61871E-3 3.91234E-3 1.74411E-3 2.40215E-3 1.40017E-3 1.28751E-3 6.77588E-3 6.7204E-3 2.74139E-3 5.84299E-4 7.79332E-3 2.98584E-2 5.31596E-3 9.07018E-3 2.69255E-3 2.88984E-3 1.60565E-2 2.01219E-2 2.8335E-2 1.40508E-2 8.70653E-3 8.9142E-3 2.76705E-3 4.06403E-3 3.86739E-3 4.13116E-3 1.0235E-2 2.48511E-3 3.0795E-3 7.56525E-3 6.77284E-3 3.25715E-3 1.5552E-2 1.14412E-2 4.2475E-2 4.45589E-3 1.35783E-3 2.0415E-3 2.38193E-3 1.8152E-3 2.33407E-3 5.68761E-3 8.03702E-3 2.14097E-2 5.3961E-3 3.72777E-3 3.09484E-3 4.02198E-3 1.99801E-2 4.90144E-3 3.55717E-3 3.26861E-3 9.27665E-3 1.33215E-2 1.62312E-1 7.50995E-2 1.43269E-1 2.62831E-1 1.33572E-1 1.62554E-1 2.05786E-1
1.34983E-3 2.43801E-4 2.9298E-4 3.17216E-4 8.63619E-4 1.31114E-3 1.57311E-3 7.37286E-4 1.30247E-3 7.0295E-4 1.64974E-4 1.02289E-3 9.47534E-4 1.09432E-3 4.84756E-4 6.51051E-4 5.88689E-4 1.2057E-3 1.61156E-2 2.67404E-3 1.92959E-3 5.54624E-3 2.27905E-2 2.96259E-3 1.88287E-3 2.52481E-3 3.00733E-3 1.04602E-2 3.15548E-3 5.35857E-3 1.3728E-2 1.04686E-2 3.08898E-3 4.61387E-3 5.7767E-3 8.61671E-3 1.34085E-2 3.63671E-2 5.66491E-3 1.61418E-2 1.14936E-3 1.72221E-3 3.74181E-3 1.82576E-3 2.76982E-3 1.32531E-2 1.00385E-2 8.4062E-3 8.79533E-3 2.67071E-3 2.46805E-3 2.46227E-3 1.98045E-3 3.56708E-3 3.47279E-3 1.42645E-2 1.55447E-3 3.11091E-3 3.10202E-3 7.11241E-3 3.62356E-3 5.24445E-3 3.02537E-3 3.67314E-3 1.42452E-2 1.88583E-1 3.26259E-2 7.90363E-2 4.33042E-2 1.04198E-1 1.15408E-1 1.62747E-1
1.54593E-3 2.88503E-3 1.0863E-3 3.14372E-4 7.20613E-4 5.35066E-4 4.64153E-4 1.14982E-3 2.50404E-4 3.85055E-4 2.34205E-3 1.26312E-3 5.24452E-4 7.43781E-4 8.09033E-4 1.64482E-3 4.32397E-4 3.84748E-4 7.98197E-4 6.85543E-4 1.03887E-3 1.14151E-3 5.68997E-4 5.03603E-4 7.02321E-4 7.61684E-4 5.27549E-3 1.19469E-2 2.08336E-3 4.92389E-3 1.22512E-2 2.72528E-3 2.41155E-3 1.0168E-3 1.7922E-3 1.45701E-2 8.15729E-3 3.6084E-3 4.99934E-3 1.04874E-2 8.75677E-3 6.38268E-3 2.43564E-3 2.67303E-3 2.33167E-3 2.04788E-3 2.30296E-3 2.09801E-3 1.51048E-3 2.00106E-3 2.25524E-3 1.13897E-3 2.37433E-3 2.99242E-3 2.17741E-3 5.74531E-3 1.84995E-2 3.45328E-3 4.2407E-3 5.5028E-3 5.26097E-3 3.49318E-3 1.33161E-3 5.69389E-3 1.65405E-2 8.07106E-2 1.18818E-2 1.06225E-2 1.49269E-1 1.1079E-1 5.34228E-2 2.27225E-2
2.52952E-3 1.26413E-3 9.31009E-4 1.32992E-3 4.06933E-4 4.23497E-4 8.89281E-4 8.06098E-4 1.46184E-4 1.48071E-4 2.39652E-4 3.99057E-4 6.13846E-4 6.74535E-4 6.87286E-4 7.53765E-4 1.67579E-3 2.14564E-4 3.98984E-4 4.0054E-4 6.81827E-4 1.05996E-4 8.06174E-5 5.29849E-4 6.29462E-4 1.21395E-3 2.65568E-3 3.34236E-3 3.09117E-3 2.90363E-3 5.04449E-3 1.25146E-3 2.30984E-3 9.25168E-4 9.07545E-4 3.49702E-3 7.32764E-3 7.47602E-3 1.96925E-3 2.37993E-3 1.14703E-2 5.02426E-4 2.86032E-3 2.96516E-3 9.06083E-4 4.07153E-4 3.26031E-4 1.29212E-3 1.33886E-3 1.21265E-3 1.26094E-3 3.27281E-3 2.4119E-3 1.61682E-3 2.3504E-3 2.18295E-3 2.6187E-3 4.00508E-3 3.8292E-3 3.05088E-3 3.59397E-3 3.91363E-3 4.77058E-3 5.53633E-3 8.59033E-3 7.06774E-3 8.19341E-3 1.4477E-2 3.71028E-2 1.17624E-1 3.54739E-2 6.57556E-3
2.46623E-3 3.14819E-3 1.03993E-3 -9999 3.67573E-4 6.00865E-5 2.2431E-4 5.24355E-4 8.73033E-5 3.37679E-4 2.35269E-4 3.55456E-4 6.14597E-4 7.22623E-4 1.14494E-3 1.68529E-3 3.44641E-4 5.53742E-4 3.41097E-4 3.22996E-4 8.86329E-5 2.89178E-4 4.78577E-4 1.03853E-3 4.25553E-3 1.53386E-3 1.9218E-3 8.11329E-4 2.22939E-3 3.50068E-3 1.07569E-2 8.89347E-3 1.3353E-2 1.73101E-2 2.90704E-3 7.26463E-3 1.02724E-2 5.73498E-3 2.5067E-3 2.0291E-3 1.40104E-3 1.37742E-3 3.6526E-4 5.22558E-4 3.65605E-4 1.36774E-3 6.3271E-4 2.16522E-3 1.67817E-3 6.77306E-4 4.81918E-3 7.79379E-4 1.95002E-3 8.61205E-4 2.03006E-3 1.1067E-3 2.70776E-3 1.21156E-3 2.76121E-3 3.78292E-3 2.76753E-3 3.37881E-3 5.40625E-3 4.51667E-3 5.60097E-3 5.04438E-3 4.79445E-3 1.1826E-2 2.32853E-2 6.82814E-3 5.70972E-3 4.31688E-3
2.68971E-4 7.06716E-4 -9999 -9999 3.10978E-5 7.65465E-5 3.74686E-4 2.86271E-4 1.68261E-4 3.14881E-4 4.87089E-4 1.00107E-3 7.43574E-4 6.56044E-4 8.92844E-4 8.80911E-4 7.06207E-4 4.89787E-4 1.7462E-4 1.68933E-4 3.76826E-4 8.29997E-4 5.49393E-3 4.34576E-3 4.48647E-3 4.71654E-3 2.58339E-3 2.1356E-3 4.13632E-3 2.23964E-3 1.47343E-3 2.6393E-3 2.3302E-3 1.94575E-3 1.76227E-3 1.03676E-2 1.25154E-2 9.58364E-4 8.02383E-4 1.88367E-3 4.54794E-4 1.53819E-4 7.25887E-4 4.7007E-4 3.20211E-4 5.01168E-4 3.16312E-3 3.71645E-3 6.60145E-4 5.73689E-3 5.60391E-3 1.51437E-3 7.82503E-4 6.36817E-4 6.28272E-3 1.04098E-3 1.8776E-3 1.4626E-3 5.03908E-3 3.42212E-3 1.97416E-3 5.7831E-3 3.34774E-3 3.90307E-3 1.58794E-3 3.86005E-3 3.21446E-3 4.09688E-3 4.6336E-3 4.53646E-3 5.66355E-3 3.57211E-2
-9999 -9999 -9999 1.651E-4 8.84489E-5 4.32002E-5 9.25951E-5 2.13143E-5 3.37597E-4 1.8053E-4 4.36875E-4 3.3191E-4 5.22073E-4 4.79963E-4 5.44719E-4 3.80397E-4 8.21779E-4 3.25385E-4 1.53772E-4 7.71768E-4 1.68482E-4 8.30317E-4 2.43108E-3 3.71078E-3 6.41596E-3 3.95064E-3 2.51012E-3 6.79251E-3 1.58165E-2 5.61509E-3 2.22157E-3 7.26324E-4 1.09459E-3 4.06947E-3 2.78434E-3 2.23976E-3 3.55713E-3 1.41757E-2 1.38472E-2 3.69802E-3 4.85093E-3 2.4916E-3 7.93204E-4 1.35004E-3 3.05606E-3 4.43994E-3 6.31118E-3 3.76536E-3 1.15119E-2 1.34852E-2 8.72938E-3 2.8898E-3 1.6546E-3 5.51182E-4 2.21162E-3 2.85646E-3 4.35775E-3 1.72326E-3 2.8236E-3 2.7397E-3 4.44086E-4 2.27445E-3 1.02652E-2 3.84802E-3 3.12333E-3 3.8816E-3 1.1273E-2 2.49658E-3 3.055E-3 3.16014E-3 1.03523E-2 6.36236E-2
-9999 -9999 5.6305E-4 8.27859E-4 1.18239E-3 1.51962E-4 3.21071E-4 1.65811E-4 7.49836E-4 -9999 1.13046E-4 3.01303E-4 1.70061E-4 2.05126E-4 6.07587E-4 1.58541E-4 2.77442E-4 3.23205E-4 2.53305E-4 3.76874E-4 9.93216E-4 2.18995E-4 4.59242E-4 1.80836E-3 1.33946E-2 1.30497E-2 5.07763E-3 2.20725E-2 1.69573E-2 3.50104E-2 2.21183E-2 8.97959E-3 6.03309E-3 1.42144E-2 6.05887E-4 7.59306E-4 8.74396E-4 2.81822E-3 8.60485E-4 4.77187E-3 4.8606E-3 9.93668E-3 1.03225E-3 3.76135E-4 1.40642E-3 1.00085E-2 3.931E-3 1.97918E-3 3.50052E-3 3.65464E-3 4.81526E-3 6.00833E-4 2.93244E-4 1.20469E-3 1.21686E-3 3.38027E-3 1.84279E-2 1.56768E-2 5.00625E-3 9.03272E-4 2.20938E-3 4.84711E-2 1.12122E-2 6.10396E-3 1.96384E-3 9.93056E-4 8.26681E-3 9.66709E-4 5.73925E-3 2.8083E-3 4.32219E-3 3.93348E-2
-9999 -9999 -9999 1.61092E-4 5.53796E-4 1.12219E-3 5.84606E-4 1.41163E-4 -9999 -9999 -9999 -9999 -9999 2.76076E-4 1.5425E-4 2.08479E-4 1.78392E-4 2.1305E-4 1.35864E-4 3.634E-4 5.10329E-4 4.91832E-4 3.01915E-4 1.57968E-3 6.71089E-3 9.21768E-3 1.91338E-2 1.14485E-2 5.72784E-3 3.01343E-3 3.42276E-3 1.94682E-2 2.91393E-2 4.11814E-3 1.64131E-4 1.55584E-4 2.25159E-4 6.90549E-4 3.06518E-4 1.75263E-3 1.89877E-3 4.80615E-3 1.8916E-3 7.11891E-4 1.61232E-3 5.73386E-3 1.89212E-3 3.82749E-4 6.96471E-4 5.10077E-4 9.88913E-4 3.80065E-3 5.19148E-4 1.6094E-3 9.00942E-4 9.07339E-4 9.44857E-3 2.45495E-2 7.16275E-3 1.14226E-3 1.72771E-2 3.51446E-2 7.78337E-3 2.16216E-3 2.24139E-3 2.01616E-3 3.39003E-3 1.11761E-2 8.72996E-3 1.80264E-3 3.64246E-3 1.80176E-2
-9999 -9999 -9999 2.98655E-4 4.45504E-4 4.28591E-4 3.43686E-4 -9999 -9999 -9999 -9999 -9999 -9999 -9999 -9999 -9999 2.56517E-4 4.37719E-4 1.33247E-4 5.293E-5 6.49036E-4 3.15313E-4 7.7661E-4 1.07337E-3 3.59432E-3 2.87692E-3 5.5871E-3 1.26643E-3 1.2848E-3 7.23147E-3 5.94978E-3 7.27921E-3 2.66974E-3 1.38539E-3 3.60781E-4 2.75928E-4 8.18308E-4 3.75536E-3 1.51009E-3 7.83056E-3 6.83547E-3 4.76915E-3 1.67659E-2 1.82313E-3 8.88501E-3 1.14511E-3 1.80949E-3 2.33346E-3 7.75735E-4 2.02405E-3 1.68527E-3 1.16582E-3 3.50527E-4 7.31024E-4 9.94829E-4 2.99144E-3 1.67967E-2 1.90179E-2 1.78586E-2 1.5208E-2 1.50502E-2 1.32538E-2 1.57984E-2 2.18921E-3 1.99568E-3 9.28703E-4 2.43681E-3 4.66414E-3 1.86114E-2 3.45146E-2 5.24709E-2 9.90963E-3
-9999 -9999 -9999 -9999 2.44998E-4 -9999 6.1655E-4 2.26223E-4 -9999 -9999 -9999 -9999 -9999 -9999 -9999 2.69412E-4 2.31281E-4 2.49937E-4 3.53011E-4 1.03139E-3 3.27696E-4 2.93148E-4 5.49325E-4 7.88715E-4 3.20098E-3 2.4989E-3 7.81759E-3 1.49599E-3 3.79086E-4 1.06429E-3 3.82428E-3 6.94712E-3 2.26142E-3 1.68244E-3 9.67367E-4 2.5191E-4 1.45658E-3 3.91618E-3 9.01124E-4 7.23643E-3 8.10734E-3 3.89557E-3 3.06322E-3 9.79036E-3 7.25886E-3 1.03421E-3 3.43679E-4 4.81389E-4 4.80855E-4 1.00611E-4 1.29273E-3 4.54194E-4 1.47031E-3 3.96525E-4 4.52203E-4 1.62969E-3 1.85113E-2 1.14853E-2 4.79683E-3 2.73109E-3 3.63494E-3 1.40625E-3 8.74013E-4 5.78197E-4 4.30028E-4 5.57647E-4 6.90908E-4 1.94426E-3 2.31008E-3 8.81689E-3 5.69798E-2 1.34338E-2
