layers_USE/alt.asc
NCOLS 732 
NROWS 480 
XLLCORNER 162.7 
YLLCORNER -23 
CELLSIZE 0.00833333333333333 
NODATA_value -2147483647 
[rows 208 to 233 of 480, columns 232 to 289 of 732]
177 246 234 264 501 387 711 582 588 437 540 482 682 629 584 558 497 528 441 277 440 259 259 279 223 256 149 63 92 44 32 68 135 275 483 278 198 599 351 44 113 45 7 12 7 57 160 21 48 27 13 37 -2147483647 -2147483647 -2147483647 -2147483647 -2147483647 -2147483647
195 285 346 429 526 658 534 411 344 275 337 448 632 521 396 608 446 544 580 587 306 424 515 260 318 274 307 52 269 27 45 229 464 442 633 711 643 603 485 333 262 492 370 148 43 67 226 388 86 34 30 52 168 74 8 -2147483647 -2147483647 -2147483647
181 231 407 669 647 612 370 289 341 196 205 269 409 497 355 471 346 467 566 483 531 622 727 518 419 255 93 252 383 90 131 53 60 80 213 302 445 510 535 663 357 117 70 160 4 75 116 176 67 97 30 117 54 175 282 144 89 14
201 249 390 618 575 497 346 204 166 325 179 444 528 237 334 392 374 194 253 403 394 588 627 448 205 174 195 242 368 92 187 91 340 311 342 295 327 480 546 689 533 365 205 42 100 138 53 18 258 251 159 85 86 79 191 392 350 16
325 165 222 454 422 398 448 354 194 85 346 375 349 276 164 149 170 329 524 380 526 338 358 441 450 476 381 266 353 274 398 460 338 322 500 732 713 743 657 627 689 544 354 173 52 223 380 402 95 191 355 417 356 307 280 224 101 43
302 210 233 391 176 378 519 534 346 113 289 117 285 103 208 290 315 485 443 360 254 204 349 374 369 415 503 490 351 308 419 490 404 380 415 437 473 536 441 598 823 500 65 47 128 282 540 453 359 102 371 499 383 199 121 163 33 200
193 139 343 351 228 102 189 261 285 81 235 142 170 185 226 294 331 404 364 310 242 230 154 160 271 270 505 627 497 304 518 591 613 566 390 302 152 235 203 402 586 370 14 365 381 339 631 385 336 339 350 465 253 181 271 137 50 209
147 146 233 230 235 221 85 105 204 156 72 74 99 165 396 508 508 573 430 206 205 182 483 267 351 378 448 514 505 428 397 532 519 568 538 358 236 73 103 336 157 96 123 223 513 519 737 614 519 442 378 232 147 249 184 66 54 70
168 199 285 146 228 115 76 82 157 84 292 298 147 133 276 261 500 625 471 395 230 127 345 541 439 353 459 441 488 342 374 441 347 614 510 467 108 74 45 73 175 384 193 140 338 360 542 806 645 584 396 280 276 452 400 187 358 160
173 264 288 102 125 170 30 52 62 124 418 395 354 357 372 498 616 265 228 256 194 226 331 294 496 634 390 510 444 400 262 427 272 498 355 283 165 83 61 67 119 255 417 138 229 202 390 536 719 733 437 423 511 536 448 447 353 214
170 134 197 224 78 46 90 257 107 140 297 492 578 382 453 471 449 477 300 223 119 174 382 405 313 381 583 685 569 368 182 300 188 336 323 272 253 40 402 202 337 263 228 279 360 328 234 308 583 881 919 755 704 673 527 385 331 362
153 119 117 126 177 101 93 229 210 176 156 256 498 576 324 235 173 318 164 137 151 166 252 278 438 413 564 761 800 286 283 152 171 133 194 279 135 123 361 364 402 598 439 671 736 577 583 512 682 655 779 856 954 1020 687 488 544 540
158 102 99 187 101 69 24 38 209 353 298 368 473 379 338 221 156 214 102 121 173 277 365 361 667 772 885 1060 926 642 492 347 210 145 273 319 125 221 266 456 543 580 729 797 775 507 426 536 454 486 583 657 714 723 750 841 754 872
149 246 102 83 126 135 238 26 77 286 411 604 413 276 244 141 152 74 126 227 158 308 439 692 906 1068 924 494 453 329 307 165 116 288 525 333 114 304 343 497 693 657 516 682 445 435 313 369 365 678 655 448 553 536 576 704 597 708
135 115 121 46 132 50 47 77 57 145 173 482 466 251 199 195 77 90 350 295 304 291 558 783 788 924 729 478 215 186 148 255 211 236 274 223 120 256 334 498 538 497 514 513 347 295 367 263 306 346 497 458 447 657 461 479 602 809
71 194 108 124 33 58 17 85 174 85 204 320 300 297 145 63 109 119 184 224 372 266 528 450 453 511 598 434 369 226 247 306 223 271 218 194 169 186 216 336 300 228 445 463 420 383 307 282 419 248 389 422 254 388 380 553 453 615
62 68 54 46 20 27 26 28 46 42 86 169 98 219 86 160 174 270 259 384 227 156 192 266 376 441 469 295 290 279 186 279 229 351 339 224 151 132 160 163 199 235 363 480 456 354 392 328 337 321 204 332 250 209 289 316 411 663
33 38 60 17 37 11 16 51 61 54 16 112 141 90 128 95 267 465 503 516 208 123 324 142 214 178 167 189 234 241 321 271 353 335 197 188 182 137 237 362 386 396 352 483 578 570 524 502 257 274 245 169 219 310 404 267 363 521
33 19 27 20 9 7 12 12 53 41 133 54 42 37 59 105 227 234 365 433 275 104 120 108 207 182 252 352 365 309 296 350 309 282 294 342 220 188 327 727 771 830 598 749 774 913 811 559 402 308 198 167 269 392 296 239 198 357
57 16 1 6 7 3 60 28 44 77 86 70 92 62 75 57 141 157 336 260 193 90 132 242 126 301 387 434 449 584 478 354 325 364 330 248 234 230 341 587 963 997 956 1139 1113 1113 866 699 449 315 258 184 254 443 233 243 138 211
22 2 4 5 9 28 47 70 137 333 171 101 143 35 30 38 146 105 77 93 70 147 206 153 252 188 375 584 581 490 653 471 413 540 501 348 213 232 422 643 1026 1172 1199 1159 1199 1086 847 678 532 445 216 135 324 214 155 143 104 213
25 5 0 6 8 23 36 281 307 608 485 123 78 31 57 54 76 46 121 107 98 112 288 377 337 244 467 290 233 297 334 428 656 648 421 297 237 196 499 681 788 708 783 817 684 752 783 516 403 367 254 137 202 139 180 194 124 162
30 3 6 1 3 23 204 208 595 509 196 164 23 21 47 50 47 43 94 174 223 180 219 251 130 233 459 382 268 191 271 470 628 654 605 467 422 308 245 438 690 490 538 524 405 514 535 389 359 223 139 125 189 166 144 178 246 299
28 3 3 1 2 18 122 435 474 58 15 17 23 142 139 78 97 77 45 116 142 78 96 139 221 223 375 247 170 205 319 601 652 690 726 557 327 257 223 381 616 402 326 398 332 319 337 316 207 239 183 179 121 162 191 307 190 104
-2147483647 3 3 1 5 29 52 172 97 42 214 369 283 206 207 306 179 164 100 61 73 157 238 151 105 255 338 208 168 220 182 250 372 665 864 675 468 428 298 265 582 392 302 267 255 250 226 241 229 196 190 192 221 218 250 344 126 226
-2147483647 -2147483647 -2147483647 5 2 -1 53 12 13 118 448 568 624 372 323 581 596 404 175 146 104 118 156 214 224 117 126 118 132 132 253 265 296 657 812 713 629 668 464 417 583 553 388 344 268 214 252 222 236 210 264 304 277 340 340 279 134 196
