layers_USE/alt.asc
NCOLS 732 
NROWS 480 
XLLCORNER 162.7 
YLLCORNER -23 
CELLSIZE 0.00833333333333333 
NODATA_value -2147483647 
[rows 182 to 207 of 480, columns 174 to 231 of 732]
-2147483647 -2147483647 -2147483647 -2147483647 -2147483647 -2147483647 -2147483647 5 11 22 23 28 109 88 47 21 37 83 135 49 100 33 200 107 273 357 273 191 132 66 64 79 115 78 120 159 205 234 205 233 205 229 414 160 85 135 187 84 150 123 194 313 526 282 452 592 595 650
-2147483647 -2147483647 -2147483647 -2147483647 -2147483647 -2147483647 -2147483647 -2147483647 6 6 12 16 17 53 36 29 22 18 87 42 116 62 134 142 81 158 116 128 153 158 161 111 79 194 193 93 132 185 289 205 318 363 290 189 106 103 344 124 126 112 93 222 331 166 345 393 579 600
-2147483647 -2147483647 -2147483647 -2147483647 -2147483647 -2147483647 -2147483647 -2147483647 -2147483647 -2147483647 4 7 9 17 20 14 19 16 22 23 22 27 27 168 35 154 265 102 107 341 247 177 128 109 181 147 109 189 166 354 192 379 393 213 223 245 140 257 313 210 248 109 370 205 434 459 597 806
-2147483647 -2147483647 -2147483647 -2147483647 -2147483647 -2147483647 -2147483647 -2147483647 -2147483647 -2147483647 -2147483647 1 11 14 14 43 44 25 37 37 57 47 73 124 255 189 396 171 230 464 303 382 135 158 205 173 200 115 203 170 220 345 376 358 415 274 332 355 449 229 230 118 140 364 591 715 658 758
-2147483647 -2147483647 -2147483647 -2147483647 -2147483647 -2147483647 -2147483647 -2147483647 -2147483647 -2147483647 -2147483647 2 6 11 11 9 29 31 35 49 59 61 85 127 45 87 362 509 182 211 543 280 252 209 179 159 334 121 142 161 129 177 350 487 452 458 511 579 329 238 552 399 271 425 558 680 740 823
-2147483647 -2147483647 -2147483647 -2147483647 -2147483647 -2147483647 -2147483647 -2147483647 -2147483647 -2147483647 -2147483647 -2147483647 -2147483647 3 3 7 11 18 19 29 38 53 78 190 75 215 85 217 471 235 418 366 235 282 281 171 130 183 158 122 177 319 438 399 697 661 579 584 428 395 421 628 595 442 456 432 486 650
-2147483647 -2147483647 -2147483647 -2147483647 -2147483647 -2147483647 -2147483647 -2147483647 -2147483647 -2147483647 -2147483647 -2147483647 -2147483647 -2147483647 -2147483647 12 6 11 18 37 72 208 137 200 77 275 147 410 556 617 456 449 274 253 183 186 155 201 366 297 199 226 304 494 550 558 369 577 596 582 638 629 763 612 477 310 289 438
-2147483647 -2147483647 -2147483647 -2147483647 -2147483647 -2147483647 -2147483647 -2147483647 -2147483647 -2147483647 -2147483647 -2147483647 -2147483647 -2147483647 -2147483647 19 -2147483647 4 17 67 345 75 61 90 122 178 387 201 456 534 486 362 266 215 222 283 281 187 171 163 329 298 235 248 346 271 217 290 365 474 455 609 652 680 583 407 266 250
-2147483647 -2147483647 -2147483647 -2147483647 -2147483647 -2147483647 -2147483647 -2147483647 -2147483647 -2147483647 -2147483647 -2147483647 -2147483647 -2147483647 -2147483647 -2147483647 -2147483647 -2147483647 7 86 102 33 65 99 298 641 426 304 406 334 249 310 312 231 236 176 270 270 225 247 232 200 248 266 221 139 350 415 590 460 246 264 256 411 721 564 399 285
-2147483647 -2147483647 -2147483647 -2147483647 -2147483647 -2147483647 -2147483647 -2147483647 -2147483647 -2147483647 -2147483647 -2147483647 -2147483647 -2147483647 -2147483647 -2147483647 -2147483647 -2147483647 -2147483647 13 24 35 49 177 440 694 717 463 476 354 276 218 362 246 177 156 221 196 259 302 382 341 192 251 207 118 213 392 296 326 354 183 234 328 499 632 449 485
-2147483647 -2147483647 -2147483647 -2147483647 -2147483647 -2147483647 -2147483647 -2147483647 -2147483647 -2147483647 -2147483647 -2147483647 -2147483647 -2147483647 -2147483647 -2147483647 -2147483647 -2147483647 -2147483647 5 14 23 55 141 417 360 333 602 802 470 349 238 235 197 172 142 160 272 259 240 242 228 219 136 116 134 142 131 138 158 197 187 301 319 294 455 469 518
-2147483647 -2147483647 -2147483647 -2147483647 -2147483647 -2147483647 -2147483647 -2147483647 -2147483647 -2147483647 -2147483647 -2147483647 -2147483647 -2147483647 -2147483647 -2147483647 -2147483647 -2147483647 -2147483647 -2147483647 8 17 35 70 208 224 705 900 1047 721 327 203 218 132 208 159 173 174 221 212 189 152 145 130 262 337 331 248 300 336 241 273 278 320 413 574 439 363
-2147483647 -2147483647 -2147483647 -2147483647 -2147483647 -2147483647 -2147483647 -2147483647 -2147483647 -2147483647 -2147483647 -2147483647 -2147483647 -2147483647 -2147483647 -2147483647 -2147483647 -2147483647 -2147483647 -2147483647 7 17 30 46 74 329 444 675 652 947 741 260 211 228 162 195 203 296 217 224 186 179 112 127 180 257 278 392 349 469 492 536 450 519 591 608 448 370
-2147483647 -2147483647 -2147483647 -2147483647 -2147483647 -2147483647 -2147483647 -2147483647 -2147483647 -2147483647 -2147483647 -2147483647 -2147483647 -2147483647 -2147483647 -2147483647 -2147483647 -2147483647 -2147483647 -2147483647 7 16 27 46 77 264 317 268 574 884 526 133 86 83 45 70 279 270 362 264 273 294 102 196 432 279 228 326 299 427 357 319 300 419 599 573 468 452
-2147483647 -2147483647 -2147483647 -2147483647 -2147483647 -2147483647 -2147483647 -2147483647 -2147483647 -2147483647 -2147483647 -2147483647 -2147483647 -2147483647 -2147483647 -2147483647 -2147483647 -2147483647 -2147483647 -2147483647 -2147483647 8 22 25 48 78 159 476 683 712 488 137 39 41 36 66 120 230 264 453 355 288 329 165 181 340 256 235 263 349 202 155 272 360 445 408 617 609
-2147483647 -2147483647 -2147483647 -2147483647 -2147483647 -2147483647 -2147483647 -2147483647 -2147483647 -2147483647 -2147483647 -2147483647 -2147483647 -2147483647 -2147483647 -2147483647 -2147483647 -2147483647 -2147483647 -2147483647 -2147483647 -2147483647 8 17 39 58 114 176 210 192 116 89 41 29 55 78 77 201 305 358 321 215 87 66 219 294 353 283 327 245 246 164 203 219 268 301 433 362
-2147483647 -2147483647 -2147483647 -2147483647 -2147483647 -2147483647 -2147483647 -2147483647 -2147483647 -2147483647 -2147483647 -2147483647 -2147483647 -2147483647 -2147483647 -2147483647 -2147483647 -2147483647 -2147483647 -2147483647 -2147483647 -2147483647 -2147483647 14 27 35 59 132 104 67 40 34 22 19 61 51 57 66 116 284 326 161 166 417 246 123 292 328 301 181 210 92 94 201 163 310 255 352
-2147483647 -2147483647 -2147483647 -2147483647 -2147483647 -2147483647 -2147483647 -2147483647 -2147483647 -2147483647 -2147483647 -2147483647 -2147483647 -2147483647 -2147483647 -2147483647 -2147483647 -2147483647 -2147483647 -2147483647 -2147483647 -2147483647 -2147483647 6 16 21 23 27 37 28 15 17 21 24 31 51 34 53 77 108 62 311 128 315 276 300 137 218 337 171 187 193 178 260 226 451 255 268
-2147483647 -2147483647 -2147483647 -2147483647 -2147483647 -2147483647 -2147483647 -2147483647 -2147483647 -2147483647 -2147483647 -2147483647 -2147483647 -2147483647 -2147483647 -2147483647 -2147483647 -2147483647 -2147483647 -2147483647 -2147483647 -2147483647 -2147483647 -2147483647 11 8 14 26 13 10 7 14 14 8 16 20 60 50 65 86 67 101 173 292 538 222 393 199 132 142 172 136 212 227 241 226 225 275
-2147483647 -2147483647 -2147483647 -2147483647 -2147483647 -2147483647 -2147483647 -2147483647 -2147483647 -2147483647 -2147483647 -2147483647 -2147483647 -2147483647 -2147483647 -2147483647 -2147483647 -2147483647 -2147483647 -2147483647 -2147483647 -2147483647 -2147483647 -2147483647 -2147483647 4 21 13 4 7 16 16 9 14 18 12 32 24 58 64 29 62 73 195 393 213 104 175 87 187 166 79 202 222 196 80 86 132
-2147483647 -2147483647 -2147483647 -2147483647 -2147483647 -2147483647 -2147483647 -2147483647 -2147483647 -2147483647 -2147483647 -2147483647 -2147483647 -2147483647 -2147483647 -2147483647 -2147483647 -2147483647 -2147483647 -2147483647 -2147483647 -2147483647 -2147483647 -2147483647 -2147483647 3 2 3 5 16 16 6 13 26 17 17 30 27 42 50 24 58 105 103 130 243 200 93 107 141 73 71 93 101 162 104 288 269
-2147483647 -2147483647 -2147483647 -2147483647 -2147483647 -2147483647 -2147483647 -2147483647 -2147483647 -2147483647 -2147483647 -2147483647 -2147483647 -2147483647 -2147483647 -2147483647 -2147483647 -2147483647 -2147483647 -2147483647 -2147483647 -2147483647 -2147483647 -2147483647 -2147483647 -2147483647 15 3 5 5 5 4 25 57 24 25 21 24 17 50 44 31 44 79 83 51 43 203 166 79 99 135 147 79 135 238 217 208
-2147483647 -2147483647 -2147483647 -2147483647 -2147483647 -2147483647 -2147483647 -2147483647 -2147483647 -2147483647 -2147483647 -2147483647 -2147483647 -2147483647 -2147483647 -2147483647 -2147483647 -2147483647 -2147483647 -2147483647 -2147483647 -2147483647 -2147483647 -2147483647 -2147483647 -2147483647 7 3 1 1 3 6 25 24 47 34 29 34 25 30 64 45 75 37 37 67 82 245 131 149 299 176 158 135 132 109 136 242
-2147483647 -2147483647 -2147483647 -2147483647 -2147483647 -2147483647 -2147483647 -2147483647 -2147483647 -2147483647 -2147483647 -2147483647 -2147483647 -2147483647 -2147483647 -2147483647 -2147483647 -2147483647 -2147483647 -2147483647 -2147483647 -2147483647 -2147483647 -2147483647 -2147483647 -2147483647 -2147483647 -2147483647 3 2 1 21 22 22 28 36 35 44 48 57 56 66 69 72 72 130 317 155 377 319 252 355 158 180 184 214 94 162
-2147483647 -2147483647 -2147483647 -2147483647 -2147483647 -2147483647 -2147483647 -2147483647 -2147483647 -2147483647 -2147483647 -2147483647 -2147483647 -2147483647 -2147483647 -2147483647 -2147483647 -2147483647 -2147483647 -2147483647 -2147483647 -2147483647 -2147483647 -2147483647 -2147483647 -2147483647 -2147483647 -2147483647 -2147483647 -2147483647 -2147483647 -2147483647 3 12 34 48 49 57 75 124 125 107 148 86 130 362 667 500 334 333 236 223 282 205 174 137 153 121
-2147483647 -2147483647 -2147483647 -2147483647 -2147483647 -2147483647 -2147483647 -2147483647 -2147483647 -2147483647 -2147483647 -2147483647 -2147483647 -2147483647 -2147483647 -2147483647 -2147483647 -2147483647 -2147483647 -2147483647 -2147483647 -2147483647 -2147483647 -2147483647 -2147483647 -2147483647 -2147483647 -2147483647 -2147483647 -2147483647 -2147483647 -2147483647 -2147483647 13 20 38 69 90 196 297 199 161 216 231 152 290 618 672 643 444 410 255 237 277 179 213 225 188
