layers_USE/Aspect_w_clip.asc
NCOLS 732 
NROWS 480 
XLLCORNER 162.7 
YLLCORNER -23 
CELLSIZE 0.00833333333333333 
NODATA_value -2147483647 
[rows 364 to 389 of 480, columns 464 to 521 of 732]
2 53 58 8 0 52 90 20 0 2 4 24 4 10 4 20 0 5 23 51 0 53 76 16 4 61 27 8 14 0 16 25 17 0 32 -2147483647 -2147483647 -2147483647 -2147483647 -2147483647 -2147483647 -2147483647 -2147483647 -2147483647 -2147483647 -2147483647 -2147483647 -2147483647 -2147483647 -2147483647 -2147483647 -2147483647 -2147483647 -2147483647 -2147483647 -2147483647 -2147483647 -2147483647
30 68 23 0 3 51 46 3 0 1 2 11 4 0 4 10 0 41 56 5 0 31 63 48 14 56 36 0 0 12 40 37 14 0 59 45 -2147483647 -2147483647 -2147483647 -2147483647 -2147483647 -2147483647 -2147483647 -2147483647 -2147483647 -2147483647 -2147483647 -2147483647 -2147483647 -2147483647 -2147483647 -2147483647 -2147483647 -2147483647 -2147483647 -2147483647 -2147483647 -2147483647
29 52 10 4 18 26 22 0 1 0 15 31 14 26 8 2 32 31 26 0 0 34 14 10 59 50 21 0 1 41 46 8 0 20 60 24 10 -2147483647 -2147483647 -2147483647 -2147483647 -2147483647 -2147483647 -2147483647 -2147483647 -2147483647 -2147483647 -2147483647 -2147483647 -2147483647 -2147483647 -2147483647 -2147483647 -2147483647 -2147483647 -2147483647 -2147483647 -2147483647
7 7 10 0 31 14 51 6 22 0 6 22 10 5 9 44 27 30 24 0 13 56 0 29 22 65 36 15 38 17 31 3 0 61 55 3 0 11 4 -2147483647 -2147483647 -2147483647 -2147483647 -2147483647 -2147483647 -2147483647 -2147483647 -2147483647 -2147483647 -2147483647 -2147483647 -2147483647 -2147483647 -2147483647 -2147483647 -2147483647 -2147483647 -2147483647
0 0 16 0 13 37 25 35 31 31 4 8 0 1 20 18 50 7 2 0 18 88 53 50 11 7 22 34 25 52 5 1 21 29 1 8 20 57 6 8 -2147483647 -2147483647 -2147483647 -2147483647 -2147483647 -2147483647 -2147483647 -2147483647 -2147483647 -2147483647 -2147483647 -2147483647 -2147483647 -2147483647 -2147483647 -2147483647 -2147483647 -2147483647
12 0 1 2 52 3 8 44 48 65 9 0 1 15 21 1 14 0 1 1 13 23 63 12 5 69 24 37 79 10 0 16 34 34 0 37 54 18 18 11 2 -2147483647 -2147483647 -2147483647 -2147483647 -2147483647 -2147483647 -2147483647 -2147483647 -2147483647 -2147483647 -2147483647 -2147483647 -2147483647 -2147483647 -2147483647 -2147483647 -2147483647
5 1 6 0 56 0 2 11 70 40 3 0 1 57 21 0 15 5 9 7 10 0 23 2 62 98 61 7 12 22 9 8 10 11 11 35 65 41 32 12 1 2 0 -2147483647 -2147483647 -2147483647 -2147483647 -2147483647 -2147483647 -2147483647 -2147483647 -2147483647 -2147483647 -2147483647 -2147483647 -2147483647 -2147483647 -2147483647
0 8 29 10 10 0 0 0 26 32 1 3 20 14 39 13 16 58 23 4 0 0 30 49 79 64 59 0 17 18 22 48 28 6 13 20 74 40 13 0 2 8 0 0 -2147483647 -2147483647 -2147483647 -2147483647 -2147483647 -2147483647 -2147483647 -2147483647 -2147483647 -2147483647 -2147483647 -2147483647 -2147483647 -2147483647
0 19 50 43 21 0 0 6 1 1 24 22 10 2 3 15 44 13 28 21 18 0 0 66 55 30 17 6 1 15 41 52 34 39 13 18 26 50 14 5 2 12 0 0 1 -2147483647 -2147483647 -2147483647 -2147483647 -2147483647 -2147483647 -2147483647 -2147483647 -2147483647 -2147483647 -2147483647 -2147483647 -2147483647
0 23 34 68 53 5 1 0 2 5 37 6 12 2 3 0 12 14 15 20 50 31 3 3 10 32 45 34 0 6 35 25 59 31 20 52 37 11 9 9 0 0 0 0 0 -2147483647 -2147483647 -2147483647 -2147483647 -2147483647 -2147483647 -2147483647 -2147483647 -2147483647 -2147483647 -2147483647 -2147483647 -2147483647
0 44 62 85 32 2 19 8 0 0 1 0 17 11 0 0 1 11 11 10 44 28 41 16 1 24 29 36 8 15 21 43 66 27 32 20 63 27 9 24 17 0 0 0 0 -2147483647 -2147483647 -2147483647 -2147483647 -2147483647 -2147483647 -2147483647 -2147483647 -2147483647 -2147483647 -2147483647 -2147483647 -2147483647
18 46 41 95 42 0 11 48 0 10 1 0 1 1 9 10 21 4 12 20 14 8 16 17 6 15 16 42 6 17 35 30 39 7 23 37 58 14 0 29 50 14 6 0 -2147483647 -2147483647 -2147483647 -2147483647 -2147483647 -2147483647 -2147483647 -2147483647 -2147483647 -2147483647 -2147483647 -2147483647 -2147483647 -2147483647
33 17 33 28 28 0 0 42 3 0 2 6 0 13 21 26 23 22 21 8 10 6 15 1 8 22 24 28 20 18 13 12 59 23 29 56 19 1 4 7 36 51 0 0 -2147483647 -2147483647 -2147483647 -2147483647 -2147483647 -2147483647 -2147483647 -2147483647 -2147483647 -2147483647 -2147483647 -2147483647 -2147483647 -2147483647
18 17 51 7 0 1 3 0 0 0 0 3 19 45 71 7 36 67 2 0 3 49 3 19 1 22 25 23 28 21 15 23 25 23 34 26 15 2 22 43 20 65 0 2 0 -2147483647 -2147483647 -2147483647 -2147483647 -2147483647 -2147483647 -2147483647 -2147483647 -2147483647 -2147483647 -2147483647 -2147483647 -2147483647
15 5 59 14 18 0 15 8 15 2 0 37 13 44 60 2 22 75 0 0 2 45 39 17 0 26 30 17 26 5 10 4 7 25 15 12 11 23 66 25 7 13 0 0 -2147483647 -2147483647 -2147483647 -2147483647 -2147483647 -2147483647 -2147483647 -2147483647 -2147483647 -2147483647 -2147483647 -2147483647 -2147483647 -2147483647
22 3 3 24 58 4 11 0 8 0 0 43 76 33 17 21 9 26 0 2 0 24 69 53 6 5 6 18 75 0 29 0 16 48 22 32 17 26 55 53 0 0 0 20 13 -2147483647 -2147483647 -2147483647 -2147483647 -2147483647 -2147483647 -2147483647 -2147483647 -2147483647 -2147483647 -2147483647 -2147483647 -2147483647
0 2 0 36 32 3 22 66 59 8 0 16 46 31 0 5 6 21 38 0 0 45 36 64 25 2 1 19 83 26 0 1 14 56 26 22 33 19 55 27 0 22 17 17 22 9 -2147483647 -2147483647 -2147483647 -2147483647 -2147483647 -2147483647 -2147483647 -2147483647 -2147483647 -2147483647 -2147483647 -2147483647
3 9 0 24 25 15 41 45 47 24 0 36 30 7 0 0 1 26 19 6 27 75 79 18 54 15 7 14 25 16 0 0 13 42 70 8 1 28 40 5 7 39 56 13 22 1 0 -2147483647 -2147483647 -2147483647 -2147483647 -2147483647 -2147483647 -2147483647 -2147483647 -2147483647 -2147483647 -2147483647
0 0 30 55 26 11 30 69 17 0 17 12 22 0 6 1 11 3 4 26 45 11 30 35 53 3 9 36 17 11 1 0 4 61 29 43 28 18 8 0 41 8 17 44 32 8 8 0 -2147483647 -2147483647 -2147483647 -2147483647 -2147483647 -2147483647 -2147483647 -2147483647 -2147483647 -2147483647
0 0 6 67 27 1 51 64 0 1 27 22 2 0 0 2 5 24 3 0 51 22 38 45 53 1 3 20 21 0 0 0 17 40 36 47 50 51 26 0 26 42 8 12 80 45 17 2 -2147483647 -2147483647 -2147483647 -2147483647 -2147483647 -2147483647 -2147483647 -2147483647 -2147483647 -2147483647
0 0 0 11 39 46 68 8 0 9 73 27 26 1 2 0 19 16 0 19 61 41 29 41 11 0 1 1 2 0 0 3 53 7 11 49 54 48 19 0 47 40 42 1 28 65 12 11 1 -2147483647 -2147483647 -2147483647 -2147483647 -2147483647 -2147483647 -2147483647 -2147483647 -2147483647
38 0 0 0 33 55 5 0 2 43 37 38 13 8 10 1 41 12 3 35 56 33 52 21 13 0 14 7 0 6 26 36 18 0 0 49 40 52 5 3 10 50 15 4 20 21 7 15 1 0 -2147483647 -2147483647 -2147483647 -2147483647 -2147483647 -2147483647 -2147483647 -2147483647
17 10 3 0 61 52 0 5 22 45 64 16 0 6 27 14 25 14 47 14 10 27 14 71 47 9 5 0 6 65 35 29 0 4 34 28 13 11 15 7 24 41 48 15 2 0 29 55 0 0 0 -2147483647 -2147483647 -2147483647 -2147483647 -2147483647 -2147483647 -2147483647
29 13 8 19 67 23 2 44 26 47 43 0 22 0 7 5 44 34 41 37 22 7 36 18 35 52 0 2 21 59 76 2 0 10 3 10 0 4 30 14 11 28 41 0 14 18 17 52 38 17 0 0 -2147483647 -2147483647 -2147483647 -2147483647 -2147483647 -2147483647
17 9 2 4 8 11 30 48 7 8 21 2 22 12 6 2 35 19 27 31 24 41 7 44 61 57 6 9 26 50 44 6 0 1 0 19 2 0 0 6 17 10 37 13 45 23 15 64 42 18 1 0 0 -2147483647 -2147483647 -2147483647 -2147483647 -2147483647
41 58 12 5 2 40 58 4 12 0 0 2 20 29 27 5 9 36 21 50 57 26 2 65 35 49 33 24 6 15 6 0 0 0 0 3 0 0 1 0 0 8 19 25 14 37 19 39 32 77 23 7 0 1 9 -2147483647 -2147483647 -2147483647
