layers_USE/Aspect_w_clip.asc
NCOLS 732 
NROWS 480 
XLLCORNER 162.7 
YLLCORNER -23 
CELLSIZE 0.00833333333333333 
NODATA_value -2147483647 
[rows 156 to 181 of 480, columns 174 to 231 of 732]
28 38 30 10 11 42 12 37 5 0 36 12 8 34 18 28 21 4 24 -2147483647 -2147483647 18 28 72 13 16 11 2 46 8 0 19 4 43 32 1 0 0 19 6 1 -2147483647 -2147483647 -2147483647 -2147483647 -2147483647 -2147483647 -2147483647 -2147483647 -2147483647 -2147483647 -2147483647 -2147483647 -2147483647 -2147483647 -2147483647 -2147483647 -2147483647
12 22 56 5 13 39 42 49 4 17 30 18 17 33 20 4 11 9 -2147483647 2 -2147483647 7 22 20 25 42 4 2 16 11 16 1 13 32 27 37 10 1 6 6 18 19 2 -2147483647 -2147483647 -2147483647 -2147483647 -2147483647 -2147483647 -2147483647 -2147483647 -2147483647 -2147483647 -2147483647 -2147483647 -2147483647 -2147483647 -2147483647
13 34 43 29 3 51 29 43 19 28 13 9 18 30 12 24 3 1 16 -2147483647 -2147483647 12 29 24 9 30 0 4 24 18 43 22 33 22 26 26 29 25 1 22 33 65 9 0 -2147483647 -2147483647 -2147483647 -2147483647 -2147483647 -2147483647 -2147483647 -2147483647 -2147483647 -2147483647 -2147483647 -2147483647 -2147483647 -2147483647
-2147483647 10 48 24 20 49 32 26 17 21 28 37 2 17 20 11 7 30 6 15 11 14 14 15 22 27 18 10 20 34 22 22 9 36 26 40 52 29 20 0 18 62 41 0 0 -2147483647 -2147483647 -2147483647 -2147483647 -2147483647 -2147483647 -2147483647 -2147483647 -2147483647 -2147483647 -2147483647 -2147483647 -2147483647
-2147483647 -2147483647 17 14 16 33 32 26 15 41 26 20 22 1 9 28 22 25 18 21 11 16 16 9 11 8 28 6 5 6 18 23 37 30 24 38 17 37 54 10 9 45 74 1 0 0 -2147483647 -2147483647 -2147483647 -2147483647 -2147483647 -2147483647 -2147483647 -2147483647 -2147483647 -2147483647 -2147483647 -2147483647
-2147483647 -2147483647 18 30 8 16 33 29 36 22 20 34 23 32 9 8 26 20 35 15 23 12 13 26 3 7 5 3 5 0 5 23 31 3 30 33 34 51 29 48 39 22 86 38 0 0 0 0 -2147483647 -2147483647 -2147483647 -2147483647 -2147483647 -2147483647 -2147483647 -2147483647 -2147483647 -2147483647
-2147483647 -2147483647 16 24 21 15 33 39 24 18 18 28 27 22 40 14 25 5 31 28 12 25 14 17 9 19 12 3 20 5 5 5 4 6 2 21 31 69 60 60 62 3 39 43 2 0 0 0 0 -2147483647 -2147483647 -2147483647 -2147483647 -2147483647 -2147483647 -2147483647 -2147483647 -2147483647
-2147483647 -2147483647 30 12 27 16 31 24 13 31 28 24 28 28 57 28 10 21 17 30 11 25 10 30 19 29 6 17 24 18 11 10 17 11 20 24 51 39 17 53 60 29 35 32 44 1 0 0 0 0 -2147483647 -2147483647 -2147483647 -2147483647 -2147483647 -2147483647 -2147483647 -2147483647
-2147483647 -2147483647 25 22 39 29 43 9 14 33 23 40 23 26 10 67 12 6 22 12 26 18 9 43 18 0 2 23 58 12 39 31 37 18 21 30 47 79 25 14 49 12 7 52 52 5 3 2 0 0 0 -2147483647 -2147483647 -2147483647 -2147483647 -2147483647 -2147483647 -2147483647
-2147483647 -2147483647 -2147483647 6 26 71 15 30 11 36 41 35 33 29 31 13 15 5 14 20 19 13 14 25 24 3 9 34 43 25 42 17 7 14 38 17 65 58 17 54 44 7 4 88 34 10 4 0 0 0 1 -2147483647 -2147483647 -2147483647 -2147483647 -2147483647 -2147483647 -2147483647
-2147483647 -2147483647 10 0 10 40 30 62 15 12 33 38 37 21 39 9 11 40 36 2 25 10 13 19 4 20 23 25 39 32 9 16 19 43 4 48 66 17 16 52 42 0 61 64 82 12 31 0 1 0 1 -2147483647 -2147483647 -2147483647 -2147483647 -2147483647 -2147483647 -2147483647
-2147483647 7 6 6 11 15 17 54 35 28 31 28 19 13 29 15 0 22 43 15 53 13 19 8 41 7 8 34 57 17 4 13 22 25 12 27 35 8 35 47 1 57 55 46 66 58 0 6 0 0 25 0 -2147483647 -2147483647 -2147483647 -2147483647 -2147483647 -2147483647
0 6 13 5 2 8 22 31 51 32 33 7 36 17 28 43 17 11 17 37 50 25 44 9 7 12 20 40 32 25 1 15 24 49 8 31 29 22 30 11 13 61 64 91 51 2 39 14 0 0 65 12 -2147483647 -2147483647 -2147483647 -2147483647 -2147483647 -2147483647
3 10 7 14 26 1 2 31 15 53 34 28 34 5 27 47 10 48 25 48 24 38 28 43 13 23 22 28 14 8 19 11 16 57 13 15 43 15 19 33 11 25 63 42 19 45 100 65 0 0 74 43 0 1 -2147483647 -2147483647 -2147483647 -2147483647
25 65 56 11 0 2 1 1 20 27 34 38 15 35 38 8 25 57 21 46 25 43 25 33 38 23 51 19 33 5 11 23 23 12 23 40 15 13 26 24 23 28 32 10 48 49 76 73 0 0 68 16 0 1 4 0 -2147483647 -2147483647
-2147483647 36 48 15 58 4 6 0 8 16 15 17 18 31 30 24 32 31 32 11 38 30 44 20 27 33 31 27 11 1 5 16 12 15 28 31 14 51 55 25 47 34 2 48 50 24 72 63 0 1 6 0 0 0 0 1 5 4
-2147483647 31 70 49 53 62 9 0 2 22 30 20 14 11 30 12 37 50 44 9 26 41 43 17 29 45 34 45 24 3 1 13 10 23 38 18 35 13 46 42 54 32 9 36 70 37 28 46 0 0 13 0 0 9 0 3 0 0
-2147483647 17 46 56 93 98 47 0 1 12 11 30 6 7 52 33 31 19 34 25 7 54 22 25 44 14 40 49 36 1 6 2 10 18 48 35 13 12 29 32 45 57 49 49 37 46 50 30 5 2 34 12 0 5 8 0 0 0
-2147483647 -2147483647 43 59 76 100 95 12 3 0 2 27 7 4 51 41 16 23 30 7 17 25 33 35 21 21 21 55 33 21 15 9 24 4 20 42 14 13 40 32 33 47 72 37 15 8 34 24 39 4 58 34 23 2 0 3 0 0
-2147483647 -2147483647 41 67 61 44 86 67 0 5 0 0 3 0 50 44 28 11 13 32 10 46 17 19 21 48 38 28 36 37 15 4 4 22 13 28 23 7 47 36 34 14 30 30 53 52 41 44 60 15 45 45 74 84 13 1 0 0
-2147483647 -2147483647 15 71 30 43 69 62 6 0 0 0 0 9 35 49 34 13 9 32 20 25 12 21 37 24 33 17 72 17 11 18 5 34 50 8 16 1 28 48 51 18 6 16 87 36 62 42 55 2 36 72 79 24 13 0 0 0
-2147483647 -2147483647 15 45 17 51 43 19 19 0 0 11 0 21 44 31 14 4 16 12 11 53 18 2 35 39 39 35 46 42 9 31 7 37 42 34 0 1 16 16 23 9 35 27 58 8 71 56 20 21 25 59 46 35 15 0 11 19
-2147483647 -2147483647 20 24 23 5 32 56 34 6 0 13 22 11 28 30 40 27 15 36 48 10 24 6 4 32 48 36 17 15 10 37 8 25 27 38 7 3 8 32 27 38 40 32 31 34 40 14 51 71 23 51 63 48 19 0 12 32
-2147483647 -2147483647 -2147483647 16 24 24 9 27 30 32 4 10 19 23 3 33 13 21 23 58 41 37 46 7 15 7 30 29 25 10 44 41 34 49 5 25 37 18 14 14 64 22 46 7 34 45 54 26 40 62 23 51 43 27 6 1 0 1
-2147483647 -2147483647 -2147483647 11 18 14 37 46 60 11 0 52 3 16 35 29 18 61 10 20 68 23 38 33 32 24 18 37 21 6 12 29 47 32 7 27 33 54 11 24 17 41 24 12 41 16 72 67 15 35 41 44 39 3 20 3 22 23
-2147483647 -2147483647 -2147483647 -2147483647 9 11 24 29 41 8 4 64 20 8 54 12 26 56 23 29 41 12 58 45 27 22 9 9 21 17 7 40 25 22 31 47 40 50 25 35 16 38 39 7 26 11 5 28 3 60 6 69 29 4 15 53 28 5
