layers_USE/Aspect_e_clip.asc
NCOLS 732 
NROWS 480 
XLLCORNER 162.7 
YLLCORNER -23 
CELLSIZE 0.00833333333333333 
NODATA_value -2147483647 
[rows 312 to 337 of 480, columns 406 to 463 of 732]
25 14 6 9 41 39 25 27 10 0 0 34 53 31 48 31 -2147483647 -2147483647 -2147483647 -2147483647 -2147483647 -2147483647 -2147483647 -2147483647 -2147483647 -2147483647 -2147483647 -2147483647 -2147483647 -2147483647 -2147483647 -2147483647 -2147483647 -2147483647 -2147483647 -2147483647 -2147483647 -2147483647 -2147483647 -2147483647 -2147483647 -2147483647 -2147483647 -2147483647 -2147483647 -2147483647 -2147483647 -2147483647 -2147483647 -2147483647 -2147483647 -2147483647 -2147483647 -2147483647 -2147483647 -2147483647 -2147483647 -2147483647
89 77 53 12 8 3 22 30 22 3 3 23 37 13 69 67 10 -2147483647 -2147483647 -2147483647 -2147483647 -2147483647 -2147483647 -2147483647 -2147483647 -2147483647 -2147483647 -2147483647 -2147483647 -2147483647 -2147483647 -2147483647 -2147483647 -2147483647 -2147483647 -2147483647 -2147483647 -2147483647 -2147483647 -2147483647 -2147483647 -2147483647 -2147483647 -2147483647 -2147483647 -2147483647 -2147483647 -2147483647 -2147483647 -2147483647 -2147483647 -2147483647 -2147483647 -2147483647 -2147483647 -2147483647 -2147483647 -2147483647
66 34 28 42 0 4 52 32 9 23 7 1 39 64 47 32 3 4 6 8 -2147483647 -2147483647 -2147483647 -2147483647 -2147483647 -2147483647 -2147483647 -2147483647 -2147483647 -2147483647 -2147483647 -2147483647 -2147483647 -2147483647 -2147483647 -2147483647 -2147483647 -2147483647 -2147483647 -2147483647 -2147483647 -2147483647 -2147483647 -2147483647 -2147483647 -2147483647 -2147483647 -2147483647 -2147483647 -2147483647 -2147483647 -2147483647 -2147483647 -2147483647 -2147483647 -2147483647 -2147483647 -2147483647
65 57 45 22 7 5 19 35 1 63 32 2 20 60 38 3 0 23 18 32 76 24 -2147483647 -2147483647 -2147483647 -2147483647 -2147483647 -2147483647 -2147483647 -2147483647 -2147483647 -2147483647 -2147483647 -2147483647 -2147483647 -2147483647 -2147483647 -2147483647 -2147483647 -2147483647 -2147483647 -2147483647 -2147483647 -2147483647 -2147483647 -2147483647 -2147483647 -2147483647 -2147483647 -2147483647 -2147483647 -2147483647 -2147483647 -2147483647 -2147483647 -2147483647 -2147483647 -2147483647
64 97 75 26 38 1 0 40 33 24 68 9 27 28 1 24 13 11 7 91 59 17 50 9 -2147483647 -2147483647 -2147483647 -2147483647 -2147483647 -2147483647 -2147483647 -2147483647 -2147483647 -2147483647 -2147483647 -2147483647 -2147483647 -2147483647 -2147483647 -2147483647 -2147483647 -2147483647 -2147483647 -2147483647 -2147483647 -2147483647 -2147483647 -2147483647 -2147483647 -2147483647 -2147483647 -2147483647 -2147483647 -2147483647 -2147483647 -2147483647 -2147483647 -2147483647
72 45 13 41 37 48 4 8 78 28 33 6 6 4 0 20 11 15 65 39 7 42 24 30 35 23 -2147483647 -2147483647 -2147483647 -2147483647 -2147483647 -2147483647 -2147483647 -2147483647 -2147483647 -2147483647 -2147483647 -2147483647 -2147483647 -2147483647 -2147483647 -2147483647 -2147483647 -2147483647 -2147483647 -2147483647 -2147483647 -2147483647 -2147483647 -2147483647 -2147483647 -2147483647 -2147483647 -2147483647 -2147483647 -2147483647 -2147483647 -2147483647
23 19 39 12 25 17 31 23 44 52 4 3 0 1 2 5 0 47 26 2 0 44 14 32 46 7 52 70 49 12 11 -2147483647 -2147483647 -2147483647 -2147483647 -2147483647 -2147483647 -2147483647 -2147483647 -2147483647 -2147483647 -2147483647 -2147483647 -2147483647 -2147483647 -2147483647 -2147483647 -2147483647 -2147483647 -2147483647 -2147483647 -2147483647 -2147483647 -2147483647 -2147483647 -2147483647 -2147483647 -2147483647
21 34 26 67 25 19 26 62 8 11 0 0 1 0 8 35 42 1 0 1 13 41 42 40 15 71 63 47 35 -2147483647 0 20 -2147483647 -2147483647 -2147483647 -2147483647 -2147483647 -2147483647 -2147483647 -2147483647 -2147483647 -2147483647 -2147483647 -2147483647 -2147483647 -2147483647 -2147483647 -2147483647 -2147483647 -2147483647 -2147483647 -2147483647 -2147483647 -2147483647 -2147483647 -2147483647 -2147483647 -2147483647
0 37 43 22 39 50 33 27 12 10 2 0 1 8 24 26 24 8 0 0 47 44 40 41 28 29 49 20 62 -2147483647 -2147483647 -2147483647 -2147483647 -2147483647 -2147483647 -2147483647 -2147483647 -2147483647 -2147483647 -2147483647 -2147483647 -2147483647 -2147483647 -2147483647 -2147483647 -2147483647 -2147483647 -2147483647 -2147483647 -2147483647 -2147483647 -2147483647 -2147483647 -2147483647 -2147483647 -2147483647 -2147483647 -2147483647
3 14 70 15 66 29 44 29 8 4 0 2 19 38 4 1 18 0 0 3 13 16 47 31 46 37 2 34 73 75 -2147483647 -2147483647 -2147483647 -2147483647 -2147483647 20 -2147483647 -2147483647 -2147483647 -2147483647 -2147483647 -2147483647 -2147483647 -2147483647 -2147483647 -2147483647 -2147483647 -2147483647 -2147483647 -2147483647 -2147483647 -2147483647 -2147483647 -2147483647 -2147483647 -2147483647 -2147483647 -2147483647
31 10 8 4 39 37 52 11 0 26 0 11 84 42 6 2 60 0 9 30 13 24 46 11 14 18 17 59 40 62 16 -2147483647 -2147483647 -2147483647 -2147483647 -2147483647 -2147483647 -2147483647 -2147483647 -2147483647 29 -2147483647 -2147483647 -2147483647 -2147483647 -2147483647 -2147483647 -2147483647 -2147483647 -2147483647 -2147483647 -2147483647 -2147483647 -2147483647 -2147483647 -2147483647 -2147483647 -2147483647
10 26 43 13 34 4 56 0 0 11 21 29 69 35 10 16 17 34 49 73 33 53 26 54 38 27 16 33 53 14 6 21 30 -2147483647 -2147483647 -2147483647 -2147483647 -2147483647 0 1 5 3 -2147483647 -2147483647 -2147483647 -2147483647 -2147483647 -2147483647 -2147483647 -2147483647 -2147483647 -2147483647 -2147483647 -2147483647 -2147483647 -2147483647 -2147483647 -2147483647
6 36 35 59 64 2 19 11 0 0 6 26 99 43 0 14 35 42 48 34 38 40 7 57 37 16 20 24 4 5 10 48 36 33 -2147483647 -2147483647 -2147483647 -2147483647 -2147483647 -2147483647 0 13 -2147483647 -2147483647 -2147483647 -2147483647 -2147483647 -2147483647 -2147483647 -2147483647 -2147483647 -2147483647 -2147483647 -2147483647 -2147483647 -2147483647 -2147483647 -2147483647
49 5 38 39 6 0 4 40 0 0 0 34 67 35 0 25 87 59 50 21 35 29 10 12 3 10 53 26 1 12 41 68 64 2 23 16 10 3 2 -2147483647 -2147483647 -2147483647 -2147483647 -2147483647 -2147483647 -2147483647 -2147483647 -2147483647 -2147483647 -2147483647 -2147483647 -2147483647 -2147483647 -2147483647 -2147483647 -2147483647 -2147483647 -2147483647
83 59 35 18 0 0 14 64 10 0 0 2 7 7 1 39 66 65 15 55 72 25 49 1 0 36 11 28 39 34 11 23 14 21 61 24 15 29 19 11 -2147483647 -2147483647 -2147483647 -2147483647 -2147483647 -2147483647 -2147483647 -2147483647 -2147483647 -2147483647 -2147483647 -2147483647 -2147483647 -2147483647 -2147483647 -2147483647 -2147483647 -2147483647
15 47 35 0 1 1 20 40 19 45 0 0 0 7 1 17 32 23 41 31 50 8 35 12 26 42 59 33 46 10 28 18 25 73 26 13 37 30 44 24 -2147483647 -2147483647 -2147483647 -2147483647 -2147483647 -2147483647 -2147483647 -2147483647 -2147483647 -2147483647 -2147483647 -2147483647 -2147483647 -2147483647 -2147483647 -2147483647 -2147483647 -2147483647
29 46 4 0 0 0 10 2 32 74 0 1 25 18 19 3 9 12 7 71 32 12 9 77 29 61 49 22 5 24 9 3 39 47 25 0 32 37 25 39 29 13 16 -2147483647 -2147483647 -2147483647 -2147483647 -2147483647 -2147483647 -2147483647 -2147483647 -2147483647 -2147483647 -2147483647 -2147483647 -2147483647 -2147483647 -2147483647
33 1 2 0 1 0 0 13 74 69 8 19 28 44 47 0 28 8 0 22 22 42 34 46 22 23 18 2 16 24 28 12 33 60 38 3 3 15 74 64 14 5 22 14 -2147483647 -2147483647 -2147483647 -2147483647 -2147483647 -2147483647 -2147483647 -2147483647 -2147483647 -2147483647 -2147483647 -2147483647 -2147483647 -2147483647
21 8 0 0 0 0 0 0 6 60 62 65 43 25 41 2 67 14 0 5 23 86 41 11 21 56 10 13 11 15 3 15 53 38 42 9 0 6 51 55 57 0 0 25 14 -2147483647 -2147483647 -2147483647 -2147483647 -2147483647 -2147483647 -2147483647 -2147483647 -2147483647 -2147483647 -2147483647 -2147483647 -2147483647
60 5 10 0 1 4 2 6 2 1 29 41 13 40 49 6 84 6 0 4 73 41 2 23 44 26 67 17 17 2 0 19 63 76 21 7 36 44 48 34 69 2 18 19 6 18 -2147483647 -2147483647 -2147483647 -2147483647 -2147483647 -2147483647 -2147483647 -2147483647 -2147483647 -2147483647 -2147483647 -2147483647
28 39 3 5 11 2 11 0 0 0 2 32 5 73 58 26 30 0 0 0 32 19 8 79 42 30 92 67 20 0 0 0 36 20 23 5 20 67 61 38 10 25 5 5 9 0 -2147483647 -2147483647 -2147483647 -2147483647 -2147483647 -2147483647 -2147483647 -2147483647 -2147483647 -2147483647 -2147483647 -2147483647
43 36 26 5 31 6 7 0 0 2 31 67 35 10 18 13 2 30 8 0 13 7 2 46 8 44 55 57 53 0 6 38 54 8 48 14 12 64 80 20 20 29 36 49 39 -2147483647 -2147483647 -2147483647 -2147483647 -2147483647 -2147483647 -2147483647 -2147483647 -2147483647 -2147483647 -2147483647 -2147483647 -2147483647
64 25 77 0 0 0 6 3 14 62 27 45 58 37 2 0 0 11 3 18 66 67 6 37 10 37 31 26 43 27 18 17 29 42 19 0 45 42 16 25 48 0 51 47 63 4 -2147483647 -2147483647 -2147483647 -2147483647 -2147483647 -2147483647 -2147483647 -2147483647 -2147483647 -2147483647 -2147483647 -2147483647
12 32 56 10 0 0 1 37 64 36 53 20 30 19 0 10 5 6 1 43 95 98 47 17 37 19 34 13 6 32 35 28 19 9 31 8 56 28 50 0 11 2 61 31 51 36 0 -2147483647 -2147483647 -2147483647 -2147483647 -2147483647 -2147483647 -2147483647 -2147483647 -2147483647 -2147483647 -2147483647
11 53 36 17 0 0 0 24 61 49 4 48 62 0 3 12 31 1 0 35 94 69 47 21 30 16 1 3 6 43 40 23 55 0 64 41 28 5 23 0 32 3 36 40 61 33 22 10 14 -2147483647 -2147483647 -2147483647 -2147483647 -2147483647 -2147483647 -2147483647 -2147483647 -2147483647
4 72 68 46 0 2 5 0 31 47 37 52 62 0 36 9 27 0 14 6 28 52 39 50 24 23 1 34 51 64 2 48 57 0 42 60 36 2 15 0 9 6 50 32 21 40 33 6 20 4 -2147483647 -2147483647 -2147483647 -2147483647 -2147483647 -2147483647 -2147483647 -2147483647
