layers_USE/Aspect_n_clip.asc
NCOLS 732 
NROWS 480 
XLLCORNER 162.7 
YLLCORNER -23 
CELLSIZE 0.00833333333333333 
NODATA_value -2147483647 
[rows 260 to 285 of 480, columns 290 to 347 of 732]
1 0 9 24 43 6 2 5 2 15 9 0 26 55 18 15 44 51 72 31 73 49 59 30 27 34 48 43 27 23 7 39 17 18 73 44 17 0 19 27 11 39 42 93 94 74 52 56 4 5 18 11 4 4 -2147483647 -2147483647 -2147483647 -2147483647
1 0 22 9 2 0 7 28 10 27 32 60 66 32 3 4 1 1 18 34 35 89 25 18 32 32 54 53 38 43 43 52 98 90 49 46 24 20 25 12 36 36 15 10 43 39 37 15 11 58 39 2 0 2 0 -2147483647 -2147483647 -2147483647
29 39 17 34 25 39 3 3 27 21 58 37 29 55 44 33 2 0 0 0 0 0 2 12 5 5 0 7 47 28 19 2 38 32 45 82 29 37 64 41 51 37 32 68 91 41 37 39 49 55 44 6 8 0 12 14 0 2
61 82 80 48 32 22 49 56 69 52 24 34 15 12 3 10 1 10 1 1 10 0 17 20 13 28 19 35 13 5 22 11 26 19 20 12 25 73 20 22 54 40 18 20 10 6 46 54 78 32 21 -2147483647 -2147483647 30 6 0 0 0
70 55 74 49 64 62 74 72 27 8 24 4 67 57 18 53 45 2 7 0 40 50 30 43 43 21 46 54 25 63 76 61 35 44 19 35 4 14 22 2 71 91 75 40 40 40 51 56 65 33 39 18 -2147483647 -2147483647 32 10 0 0
40 49 60 44 52 76 80 31 10 7 16 22 17 47 35 18 6 12 19 44 1 0 1 22 29 42 29 67 39 71 92 94 62 52 59 28 13 21 39 29 0 32 51 39 58 64 43 10 7 0 1 24 14 35 -2147483647 -2147483647 -2147483647 2
0 0 28 68 95 56 63 39 54 23 5 11 5 0 9 23 37 54 8 15 13 1 0 0 15 46 13 20 45 34 28 45 67 77 41 37 52 58 90 74 19 0 0 54 64 61 58 59 51 28 20 43 21 34 48 38 -2147483647 -2147483647
46 38 4 57 30 10 7 1 1 0 8 56 12 0 9 22 39 10 36 15 4 5 16 1 0 0 1 1 0 6 0 0 22 14 6 37 55 42 35 75 81 78 20 5 20 16 52 39 43 52 59 26 37 42 29 47 38 -2147483647
11 9 0 0 5 4 29 3 8 29 14 15 2 4 3 0 0 11 40 16 33 45 13 9 0 6 10 19 26 24 9 5 0 16 58 53 27 50 25 32 80 96 81 14 6 1 0 4 1 38 44 48 13 21 44 56 40 27
0 6 7 25 6 32 42 38 2 4 1 6 42 34 68 47 19 13 13 8 53 53 61 43 30 50 39 21 15 0 7 8 0 0 1 16 19 56 10 0 8 15 31 14 14 6 4 3 21 29 4 12 23 6 5 0 0 19
24 66 92 48 15 37 46 44 50 14 24 52 19 15 20 18 38 19 20 21 15 40 77 80 70 44 62 47 4 27 44 43 10 0 0 0 0 0 5 0 0 0 0 3 8 3 34 46 27 48 54 29 11 16 13 10 13 16
42 12 13 39 8 0 9 7 2 40 38 16 2 21 8 20 57 35 26 16 19 2 7 24 46 55 74 60 32 60 72 63 48 23 2 12 23 20 2 0 0 2 6 20 16 15 14 16 35 3 1 18 30 6 10 19 25 10
57 63 18 1 1 3 0 0 12 51 20 21 20 6 4 1 29 70 58 37 27 39 28 16 0 0 29 10 23 9 0 0 4 46 21 5 7 2 4 13 8 4 0 13 15 9 14 2 0 6 22 61 28 4 15 29 28 37
0 0 0 0 8 34 19 16 14 0 0 6 13 14 23 21 6 8 25 55 36 22 16 7 24 0 0 0 12 29 13 21 28 61 53 32 10 1 9 8 8 3 2 2 2 0 27 43 18 3 3 3 5 36 30 14 26 59
0 15 4 4 8 16 18 24 4 0 1 6 13 49 55 49 14 2 17 9 26 27 13 32 11 0 8 30 8 9 16 6 5 4 42 67 78 58 27 1 28 2 2 10 18 5 10 11 24 52 20 25 57 49 15 4 0 16
0 0 2 49 24 65 58 27 5 0 2 3 17 36 19 12 38 75 62 14 3 11 10 5 5 16 31 18 10 11 32 28 8 9 1 18 58 19 4 21 30 12 20 13 21 9 4 24 42 30 81 70 60 57 9 27 28 39
0 6 22 6 2 0 0 0 12 12 16 7 0 0 0 0 54 89 68 29 9 21 24 17 24 20 19 28 38 22 51 30 53 22 16 8 5 14 14 31 30 27 25 44 12 16 24 14 22 19 17 55 29 0 16 31 36 25
8 23 0 0 0 1 0 2 6 12 3 9 13 18 47 65 6 25 25 20 6 10 34 26 17 51 32 38 9 23 26 29 7 23 21 30 6 12 29 17 10 35 32 46 17 65 57 49 20 28 12 0 28 46 30 24 46 68
0 1 5 5 0 0 0 9 19 5 17 6 20 26 19 12 1 0 0 4 30 39 48 49 60 15 28 38 33 3 28 45 69 46 21 14 22 37 34 33 17 68 74 56 42 54 77 16 25 45 56 12 10 16 35 60 36 31
6 7 4 11 4 0 4 3 3 12 7 6 24 4 0 0 12 53 46 80 50 59 56 35 41 42 35 40 54 21 21 46 6 13 30 15 4 1 0 22 55 25 48 43 20 25 26 28 69 60 12 19 59 32 20 42 83 28
2 9 7 7 22 25 22 24 13 8 20 17 16 5 11 20 22 44 46 19 78 54 41 73 87 75 69 72 61 42 23 18 37 53 46 54 40 14 11 45 15 9 0 44 34 37 29 45 7 8 41 51 17 39 34 15 7 4
4 7 2 3 7 16 26 28 31 37 38 37 30 28 42 55 41 47 66 54 24 18 44 85 58 62 66 62 63 72 53 71 59 40 51 9 26 40 74 36 59 43 8 6 61 64 81 75 41 27 66 87 68 55 70 72 21 18
0 8 18 25 33 45 39 40 37 36 32 37 39 41 27 28 34 19 8 36 3 0 2 35 57 85 89 73 82 69 82 8 19 78 58 59 47 9 26 48 43 76 17 18 1 26 13 23 65 32 44 9 35 34 54 15 42 49
2 4 13 10 21 7 0 9 14 25 19 22 19 33 33 56 71 93 27 0 3 1 35 13 25 35 59 38 60 51 36 19 61 65 28 16 22 16 7 50 27 45 49 21 23 3 4 15 26 28 13 6 28 16 32 65 62 45
0 1 2 21 6 10 8 7 5 11 9 18 9 13 12 2 10 28 18 23 0 24 17 34 13 4 0 0 0 8 26 48 49 5 0 11 30 29 20 27 61 44 43 37 18 7 17 21 8 8 20 26 24 37 71 79 63 86
3 0 0 0 19 1 6 6 45 45 39 58 42 36 5 0 21 10 27 26 0 6 18 0 0 0 0 0 1 12 51 50 0 1 13 19 49 60 29 1 0 1 20 36 44 4 10 17 10 26 26 29 26 25 14 4 21 31
