layers_USE/Aspect_n_clip.asc
NCOLS 732 
NROWS 480 
XLLCORNER 162.7 
YLLCORNER -23 
CELLSIZE 0.00833333333333333 
NODATA_value -2147483647 
[rows 234 to 259 of 480, columns 232 to 289 of 732]
-2147483647 -2147483647 -2147483647 8 12 12 7 2 7 2 0 0 0 6 14 0 1 13 48 83 44 42 14 5 40 53 59 39 51 38 17 10 3 0 0 50 67 80 78 82 49 39 87 24 60 65 57 52 37 34 13 11 4 11 23 47 51 39
-2147483647 -2147483647 -2147483647 16 29 6 5 12 0 38 42 8 28 22 0 3 8 20 45 32 43 39 44 0 4 33 54 80 34 59 46 52 78 15 9 17 13 9 6 0 0 0 0 19 52 40 25 43 41 20 10 17 28 22 46 50 23 31
-2147483647 -2147483647 -2147483647 16 14 2 0 6 2 0 0 9 10 13 6 47 40 50 37 25 52 53 56 51 45 10 8 44 70 59 91 78 80 69 2 6 4 13 0 0 0 7 1 0 0 0 2 11 5 15 17 27 34 41 21 29 62 28
-2147483647 -2147483647 33 53 41 0 0 0 0 3 3 36 3 0 24 32 6 0 0 9 38 46 51 49 41 48 4 0 10 27 9 20 18 5 0 0 17 6 2 37 29 4 5 2 11 17 31 28 35 40 49 34 54 38 33 48 29 21
-2147483647 -2147483647 5 5 8 3 0 0 1 0 1 16 10 0 0 9 19 35 29 26 46 32 55 77 68 22 21 1 0 0 2 4 0 2 4 0 0 0 4 43 42 20 19 62 21 37 11 8 5 0 5 2 19 47 54 13 2 0
-2147483647 -2147483647 -2147483647 -2147483647 -2147483647 43 3 2 0 12 8 2 14 34 43 75 70 34 27 2 3 16 34 58 56 28 30 31 1 0 1 9 0 0 3 3 1 0 25 48 19 43 36 6 0 8 8 16 14 49 31 40 12 6 4 44 27 10
-2147483647 -2147483647 -2147483647 -2147483647 -2147483647 -2147483647 -2147483647 -2147483647 30 37 65 39 62 58 55 20 10 26 8 0 0 0 1 0 25 11 14 30 32 12 4 16 2 5 20 2 21 15 2 3 2 10 18 19 12 7 39 47 44 24 73 40 63 28 12 34 17 28
-2147483647 -2147483647 -2147483647 -2147483647 0 5 -2147483647 11 52 69 67 49 13 26 11 2 1 0 0 0 13 41 54 17 6 3 0 7 8 2 3 6 1 1 28 14 25 31 18 9 5 9 1 24 35 69 50 26 53 30 25 50 41 29 5 36 28 22
-2147483647 -2147483647 -2147483647 -2147483647 0 0 0 42 45 31 0 11 33 14 11 12 2 3 21 28 42 34 30 23 1 0 0 0 1 17 21 15 5 27 7 8 12 6 8 0 4 23 10 38 38 48 72 59 52 54 28 20 27 33 26 31 28 28
-2147483647 -2147483647 -2147483647 -2147483647 -2147483647 -2147483647 4 3 0 14 60 65 26 0 28 16 0 0 12 7 0 0 15 1 0 0 0 2 3 4 39 32 33 20 29 35 25 30 2 2 0 8 26 27 59 17 16 32 28 34 29 29 15 80 33 74 35 14
-2147483647 -2147483647 -2147483647 -2147483647 -2147483647 -2147483647 21 5 47 38 4 8 0 3 11 1 0 10 19 1 8 20 12 2 4 0 0 2 11 28 28 8 14 10 17 0 4 24 8 24 54 36 36 16 8 0 9 0 0 2 6 29 15 13 23 10 68 56
-2147483647 -2147483647 -2147483647 -2147483647 -2147483647 -2147483647 1 2 3 0 0 0 0 5 19 7 0 0 0 1 2 0 0 0 0 0 0 4 4 0 0 2 6 18 28 39 22 24 3 29 38 61 49 43 24 5 13 32 0 0 2 2 8 2 7 11 21 61
-2147483647 -2147483647 -2147483647 -2147483647 -2147483647 -2147483647 -2147483647 1 6 1 0 1 7 0 10 19 2 3 3 1 3 1 0 0 0 0 1 7 1 0 4 8 9 3 19 38 20 47 19 28 13 22 20 20 33 32 34 6 1 3 14 8 0 2 0 13 16 0
-2147483647 -2147483647 -2147483647 -2147483647 -2147483647 -2147483647 -2147483647 -2147483647 6 0 3 -2147483647 9 1 8 25 29 10 0 2 0 1 0 0 2 4 7 4 0 16 3 0 4 17 55 26 29 28 27 35 31 19 25 43 54 47 32 28 29 44 16 18 15 0 3 5 2 0
-2147483647 -2147483647 -2147483647 -2147483647 -2147483647 -2147483647 -2147483647 -2147483647 -2147483647 -2147483647 -2147483647 -2147483647 -2147483647 4 14 21 -2147483647 -2147483647 -2147483647 11 0 2 1 13 4 4 3 16 39 1 19 25 54 45 17 20 39 19 37 36 44 29 25 27 51 62 27 11 22 14 17 8 0 11 24 9 0 2
-2147483647 -2147483647 -2147483647 -2147483647 -2147483647 -2147483647 -2147483647 -2147483647 -2147483647 5 -2147483647 -2147483647 -2147483647 13 3 1 -2147483647 -2147483647 0 2 3 0 1 3 0 9 31 51 30 40 39 44 11 13 10 3 13 18 21 13 26 18 29 48 9 2 0 2 15 26 9 16 55 29 33 50 31 50
-2147483647 -2147483647 -2147483647 -2147483647 -2147483647 -2147483647 -2147483647 -2147483647 -2147483647 2 -2147483647 -2147483647 -2147483647 -2147483647 9 3 -2147483647 -2147483647 13 24 8 0 0 4 0 33 45 21 7 14 8 6 10 0 5 4 9 8 6 10 30 32 9 3 0 0 30 33 15 12 30 48 41 35 40 32 39 31
-2147483647 -2147483647 -2147483647 -2147483647 -2147483647 -2147483647 -2147483647 -2147483647 -2147483647 -2147483647 -2147483647 -2147483647 -2147483647 -2147483647 -2147483647 -2147483647 -2147483647 -2147483647 -2147483647 -2147483647 19 18 12 30 37 23 0 5 3 5 13 24 8 1 7 2 3 5 4 4 0 0 0 2 13 12 12 38 38 29 18 3 37 37 9 39 55 76
-2147483647 -2147483647 -2147483647 -2147483647 -2147483647 -2147483647 -2147483647 -2147483647 -2147483647 -2147483647 -2147483647 -2147483647 -2147483647 -2147483647 -2147483647 -2147483647 -2147483647 -2147483647 -2147483647 14 6 6 11 1 14 0 0 1 3 41 54 14 1 2 3 2 0 2 10 15 8 16 13 30 21 19 8 0 3 21 17 52 40 33 34 23 23 5
-2147483647 -2147483647 -2147483647 -2147483647 -2147483647 -2147483647 -2147483647 -2147483647 -2147483647 -2147483647 -2147483647 -2147483647 -2147483647 -2147483647 -2147483647 -2147483647 -2147483647 -2147483647 -2147483647 -2147483647 -2147483647 -2147483647 -2147483647 2 2 0 11 41 37 24 0 1 7 6 6 2 6 35 39 22 23 48 36 19 27 38 22 46 31 15 33 6 5 28 50 37 42 60
-2147483647 -2147483647 -2147483647 -2147483647 -2147483647 -2147483647 -2147483647 -2147483647 -2147483647 -2147483647 -2147483647 -2147483647 -2147483647 -2147483647 -2147483647 -2147483647 -2147483647 -2147483647 -2147483647 -2147483647 -2147483647 -2147483647 -2147483647 14 0 0 1 0 12 3 3 0 5 1 15 16 28 22 38 37 27 14 40 35 30 29 28 40 32 49 28 36 19 7 20 29 59 6
-2147483647 -2147483647 -2147483647 -2147483647 -2147483647 -2147483647 -2147483647 -2147483647 -2147483647 -2147483647 -2147483647 -2147483647 -2147483647 -2147483647 -2147483647 -2147483647 -2147483647 -2147483647 -2147483647 -2147483647 -2147483647 -2147483647 -2147483647 19 5 0 0 0 0 0 2 4 3 6 4 11 26 24 24 14 45 25 28 60 53 43 44 16 24 25 35 29 42 21 2 4 17 46
-2147483647 -2147483647 -2147483647 -2147483647 -2147483647 -2147483647 -2147483647 -2147483647 -2147483647 -2147483647 -2147483647 -2147483647 -2147483647 -2147483647 -2147483647 -2147483647 -2147483647 -2147483647 -2147483647 -2147483647 -2147483647 -2147483647 -2147483647 -2147483647 7 5 11 2 0 2 7 1 0 1 1 1 18 28 35 57 33 42 44 56 75 62 90 40 54 43 22 30 36 74 65 64 25 35
-2147483647 -2147483647 -2147483647 -2147483647 -2147483647 -2147483647 -2147483647 -2147483647 -2147483647 -2147483647 -2147483647 -2147483647 -2147483647 -2147483647 -2147483647 -2147483647 -2147483647 -2147483647 -2147483647 -2147483647 -2147483647 -2147483647 -2147483647 1 5 29 30 24 14 24 18 29 16 16 41 14 12 28 29 23 35 51 68 76 86 72 77 55 73 54 50 30 27 55 76 60 76 48
-2147483647 -2147483647 -2147483647 -2147483647 -2147483647 -2147483647 -2147483647 -2147483647 -2147483647 -2147483647 -2147483647 -2147483647 -2147483647 -2147483647 -2147483647 -2147483647 -2147483647 -2147483647 -2147483647 -2147483647 -2147483647 -2147483647 -2147483647 9 32 29 21 38 84 63 41 54 64 47 62 64 58 62 49 42 42 44 61 52 58 73 55 62 56 50 38 51 58 43 55 92 72 60
-2147483647 -2147483647 -2147483647 -2147483647 -2147483647 -2147483647 -2147483647 -2147483647 -2147483647 -2147483647 -2147483647 -2147483647 -2147483647 -2147483647 -2147483647 -2147483647 -2147483647 -2147483647 -2147483647 -2147483647 -2147483647 14 -2147483647 12 11 4 31 17 23 44 72 66 58 70 30 25 17 28 26 39 62 37 62 61 55 60 93 58 44 52 66 31 25 18 36 54 40 10
