layers_USE/Aspect_n_clip.asc
NCOLS 732 
NROWS 480 
XLLCORNER 162.7 
YLLCORNER -23 
CELLSIZE 0.00833333333333333 
NODATA_value -2147483647 
[rows 208 to 233 of 480, columns 232 to 289 of 732]
19 24 64 29 34 48 35 67 23 0 1 1 8 0 15 50 47 48 38 49 24 33 68 37 60 48 51 31 24 16 52 68 72 59 67 53 41 13 60 27 44 51 32 19 13 37 35 41 38 30 -2147483647 -2147483647 -2147483647 -2147483647 -2147483647 -2147483647 -2147483647 -2147483647
21 19 43 66 56 49 0 0 0 1 1 9 2 5 4 15 10 4 22 34 34 69 28 43 65 14 10 14 55 23 12 6 17 14 20 34 37 14 40 59 55 29 59 47 8 36 37 56 5 34 41 10 18 -2147483647 -2147483647 -2147483647 -2147483647 -2147483647
33 22 35 39 20 0 0 5 32 31 2 14 19 0 9 1 1 0 8 0 29 17 35 39 13 35 20 50 13 4 54 26 31 35 20 3 0 0 5 20 27 43 32 16 23 16 2 20 52 55 10 37 13 14 65 -2147483647 -2147483647 -2147483647
37 11 2 0 11 3 1 11 2 7 15 40 9 3 14 0 1 20 31 25 21 23 11 10 20 40 44 20 13 26 36 43 41 35 77 92 72 86 23 37 88 52 65 26 7 55 42 39 36 47 66 65 73 65 36 22 17 3
28 11 21 1 0 5 45 55 50 8 23 1 0 2 12 27 51 64 59 54 35 2 0 14 63 70 48 24 25 46 60 47 34 25 14 54 58 57 36 5 8 3 4 8 21 26 69 55 35 13 28 84 28 18 0 1 2 12
45 32 20 7 5 2 15 30 24 8 4 8 3 10 25 29 8 10 0 0 0 1 0 0 23 2 53 63 27 40 57 49 59 38 3 0 0 0 0 3 28 0 8 30 34 21 25 18 40 32 28 24 2 12 17 13 32 35
9 15 38 27 27 28 0 0 0 29 2 14 30 44 51 44 44 21 45 46 9 41 58 37 25 5 9 7 52 38 1 28 78 47 22 36 44 5 4 9 0 0 3 46 90 69 48 36 46 59 52 4 9 40 46 66 32 63
6 23 28 11 25 39 45 2 24 4 24 33 15 24 25 31 38 58 9 11 1 6 44 50 50 66 38 22 34 11 27 6 0 12 37 47 19 1 5 9 5 27 26 17 0 5 18 23 61 57 43 25 37 40 21 29 42 14
33 39 11 5 5 8 8 24 6 32 28 68 27 36 27 27 26 22 3 55 43 20 25 30 49 38 29 13 13 38 1 1 0 1 1 0 5 23 41 50 56 79 65 28 29 31 3 38 80 72 2 51 57 63 60 43 55 60
38 19 35 19 21 3 20 30 48 27 28 58 63 25 70 61 32 17 19 1 2 27 19 5 9 53 34 38 41 19 2 0 0 5 5 0 24 47 51 34 21 18 15 40 65 31 5 0 15 23 72 73 71 36 37 38 25 23
15 3 14 49 50 28 17 35 47 23 18 15 4 30 0 1 3 48 50 32 34 48 62 83 61 19 18 43 62 12 3 0 6 0 0 1 9 18 45 30 60 84 39 50 70 81 58 30 26 13 53 95 96 80 36 23 58 58
24 18 5 3 18 33 21 10 25 62 33 10 20 36 12 1 0 14 11 14 34 27 13 7 41 54 66 15 19 52 43 45 24 17 44 56 26 5 5 58 30 53 68 72 86 73 62 38 5 0 0 16 39 42 49 97 95 97
12 32 20 17 26 33 15 9 9 55 84 50 2 0 0 21 19 0 10 50 42 49 56 25 64 90 68 32 39 23 29 22 28 27 28 22 17 59 13 21 56 29 25 13 6 1 0 3 14 40 9 0 0 0 9 31 26 24
33 21 21 13 19 21 32 24 23 7 25 28 33 34 44 31 4 21 53 26 28 6 43 74 30 24 6 0 0 5 0 27 40 13 50 19 6 13 49 13 16 24 0 0 1 5 3 2 12 26 22 3 6 21 0 0 0 31
19 1 20 22 12 30 3 18 34 7 0 11 14 10 1 20 19 27 45 53 82 48 8 0 0 0 0 12 35 27 34 35 32 44 14 8 16 10 3 14 2 0 8 0 28 19 13 21 7 0 4 6 0 20 5 47 20 8
5 29 8 15 8 4 5 43 13 4 11 0 0 45 29 16 36 42 18 8 6 0 0 0 11 3 9 49 20 15 18 25 36 44 13 1 37 30 12 0 0 2 1 12 27 40 29 35 53 28 1 0 4 0 2 9 0 31
14 0 12 11 21 13 22 9 8 9 7 8 0 0 6 34 35 72 84 57 20 10 21 26 24 13 0 2 42 39 24 20 36 36 33 51 46 42 53 67 53 44 27 35 53 49 78 46 25 16 6 2 9 45 29 22 14 4
29 3 4 9 11 13 27 8 1 8 27 5 18 10 20 15 47 32 45 39 12 9 19 5 2 18 23 37 26 37 46 44 42 28 36 42 17 53 36 84 78 75 49 66 39 76 76 40 20 31 30 20 38 39 38 17 0 0
5 1 12 9 3 0 16 18 45 37 27 25 15 9 5 20 3 4 4 14 34 13 7 29 29 34 47 33 53 74 31 46 14 62 63 56 28 23 25 44 69 47 54 73 73 85 40 28 64 37 29 10 32 80 42 24 10 4
7 11 2 5 7 9 38 54 54 56 41 29 35 45 46 7 0 12 2 3 3 3 44 28 29 33 46 69 27 60 81 28 55 69 35 65 23 6 25 1 27 70 74 63 82 22 31 42 21 51 33 13 20 8 3 18 12 24
1 2 7 4 17 37 28 56 57 68 47 29 19 7 10 27 5 3 13 9 12 64 31 28 43 42 30 20 37 0 25 56 62 72 47 16 9 13 32 18 14 30 32 9 10 0 7 11 33 20 32 9 10 2 11 20 12 39
15 2 4 0 4 34 27 34 64 16 15 38 28 17 41 24 14 8 37 34 37 27 33 70 22 21 2 0 6 0 0 7 39 15 25 58 82 14 13 1 3 0 0 0 0 0 0 0 0 0 8 4 21 13 13 19 33 32
21 6 4 2 4 7 39 27 1 0 9 3 4 40 22 30 41 39 1 9 31 24 0 0 21 23 25 16 16 11 50 41 28 52 71 51 31 25 10 10 14 0 0 0 0 0 0 2 32 15 31 37 19 17 34 49 58 48
2 6 5 10 11 17 18 13 0 0 27 49 60 39 55 65 36 32 34 7 3 25 15 6 11 5 1 34 32 3 5 13 20 29 30 25 3 31 27 2 3 11 0 0 0 0 0 4 29 36 25 36 46 30 17 29 18 21
21 7 3 0 10 10 8 0 2 10 20 51 66 60 45 75 68 59 37 43 33 24 13 44 22 36 21 0 6 27 10 8 0 7 15 21 35 71 61 23 19 44 30 23 4 2 4 0 4 19 58 39 36 34 32 30 20 24
3 12 3 1 1 9 5 11 8 23 44 53 57 44 47 36 75 71 43 44 44 13 14 47 31 49 26 24 28 10 44 46 8 14 18 37 72 64 50 80 18 54 80 67 57 46 51 44 48 35 40 55 54 42 12 1 17 21
