layers_USE/Aspect_n_clip.asc
NCOLS 732 
NROWS 480 
XLLCORNER 162.7 
YLLCORNER -23 
CELLSIZE 0.00833333333333333 
NODATA_value -2147483647 
[rows 182 to 207 of 480, columns 174 to 231 of 732]
-2147483647 -2147483647 -2147483647 -2147483647 -2147483647 -2147483647 19 5 0 0 1 4 2 16 14 3 16 18 12 6 15 7 28 11 41 17 6 39 37 43 33 18 11 14 29 5 10 22 48 11 56 43 56 25 28 27 81 40 26 36 10 0 0 15 8 41 45 8
-2147483647 -2147483647 -2147483647 -2147483647 -2147483647 -2147483647 16 24 4 0 0 0 0 9 9 6 3 8 7 0 8 22 4 25 4 12 18 13 54 55 49 39 38 38 41 12 25 47 6 25 12 45 4 16 35 33 8 35 52 34 50 35 14 9 15 14 18 33
-2147483647 -2147483647 -2147483647 -2147483647 -2147483647 -2147483647 -2147483647 -2147483647 15 10 14 8 0 0 14 7 26 29 35 34 28 26 24 2 16 51 56 38 41 28 35 60 48 10 30 34 15 10 28 12 32 11 27 47 52 46 24 40 56 29 13 1 0 12 82 60 24 63
-2147483647 -2147483647 -2147483647 -2147483647 -2147483647 -2147483647 -2147483647 -2147483647 -2147483647 17 5 5 1 1 0 13 42 7 15 35 39 23 46 34 34 43 23 23 15 39 36 27 33 34 23 15 34 19 5 9 3 38 49 55 45 54 69 51 43 37 57 28 27 9 20 35 34 8
-2147483647 -2147483647 -2147483647 -2147483647 -2147483647 -2147483647 -2147483647 -2147483647 -2147483647 11 12 3 0 1 0 2 4 16 9 12 7 61 22 58 30 10 3 33 42 22 14 54 18 45 30 19 45 27 37 21 13 26 16 31 54 70 23 35 23 14 40 47 67 40 3 11 1 24
-2147483647 -2147483647 -2147483647 -2147483647 -2147483647 -2147483647 -2147483647 -2147483647 -2147483647 -2147483647 -2147483647 9 9 0 4 1 2 5 7 23 26 34 22 22 1 40 35 34 44 47 9 34 48 28 40 35 12 62 35 55 23 19 34 46 48 78 46 24 42 68 26 57 82 62 24 0 0 0
-2147483647 -2147483647 -2147483647 -2147483647 -2147483647 -2147483647 -2147483647 -2147483647 -2147483647 -2147483647 -2147483647 -2147483647 3 10 18 29 16 1 10 36 72 59 37 8 22 23 27 8 13 47 44 5 12 2 25 38 48 7 37 68 47 39 9 7 9 0 0 18 14 41 49 49 45 27 38 8 2 0
-2147483647 -2147483647 -2147483647 -2147483647 -2147483647 -2147483647 -2147483647 -2147483647 -2147483647 -2147483647 -2147483647 -2147483647 -2147483647 -2147483647 15 6 24 1 5 41 8 1 4 25 49 43 42 35 19 2 1 4 21 37 40 18 42 47 33 11 23 34 3 6 0 0 24 34 31 9 12 4 1 8 24 21 34 28
-2147483647 -2147483647 -2147483647 -2147483647 -2147483647 -2147483647 -2147483647 -2147483647 -2147483647 -2147483647 -2147483647 -2147483647 -2147483647 -2147483647 -2147483647 -2147483647 -2147483647 23 4 3 1 3 14 10 48 56 45 42 41 34 31 3 16 8 8 12 3 20 52 35 36 53 53 54 14 12 58 43 43 23 26 3 9 11 35 53 36 28
-2147483647 -2147483647 -2147483647 -2147483647 -2147483647 -2147483647 -2147483647 -2147483647 -2147483647 -2147483647 -2147483647 -2147483647 -2147483647 -2147483647 -2147483647 -2147483647 -2147483647 8 12 4 10 11 9 18 13 6 33 69 71 14 32 41 18 41 36 28 32 30 19 29 29 46 21 6 12 13 1 17 1 3 12 4 16 22 4 17 77 86
-2147483647 -2147483647 -2147483647 -2147483647 -2147483647 -2147483647 -2147483647 -2147483647 -2147483647 -2147483647 -2147483647 -2147483647 -2147483647 -2147483647 -2147483647 -2147483647 -2147483647 -2147483647 25 5 0 2 2 4 5 0 26 30 54 15 27 15 7 1 7 29 23 7 20 18 2 3 31 36 38 48 53 38 31 42 33 24 34 28 39 4 0 2
-2147483647 -2147483647 -2147483647 -2147483647 -2147483647 -2147483647 -2147483647 -2147483647 -2147483647 -2147483647 -2147483647 -2147483647 -2147483647 -2147483647 -2147483647 -2147483647 -2147483647 -2147483647 -2147483647 18 1 0 0 6 2 23 24 19 35 21 19 31 31 27 28 58 63 25 25 16 37 21 9 10 28 46 53 48 55 53 55 61 69 60 55 41 42 4
-2147483647 -2147483647 -2147483647 -2147483647 -2147483647 -2147483647 -2147483647 -2147483647 -2147483647 -2147483647 -2147483647 -2147483647 -2147483647 -2147483647 -2147483647 -2147483647 -2147483647 -2147483647 -2147483647 13 4 0 0 0 2 10 6 9 0 28 38 9 33 30 26 11 27 52 29 38 19 30 24 39 48 7 7 46 28 43 60 44 63 53 45 18 28 45
-2147483647 -2147483647 -2147483647 -2147483647 -2147483647 -2147483647 -2147483647 -2147483647 -2147483647 -2147483647 -2147483647 -2147483647 -2147483647 -2147483647 -2147483647 -2147483647 -2147483647 -2147483647 -2147483647 9 8 4 0 0 2 25 15 22 19 2 4 6 5 5 21 9 19 8 45 38 46 40 32 26 34 55 42 13 8 18 2 0 2 4 0 24 43 43
-2147483647 -2147483647 -2147483647 -2147483647 -2147483647 -2147483647 -2147483647 -2147483647 -2147483647 -2147483647 -2147483647 -2147483647 -2147483647 -2147483647 -2147483647 -2147483647 -2147483647 -2147483647 -2147483647 6 9 0 0 0 0 2 15 32 17 0 0 0 1 18 29 47 3 11 43 42 31 27 14 15 9 23 13 2 38 17 7 21 33 8 1 1 24 40
-2147483647 -2147483647 -2147483647 -2147483647 -2147483647 -2147483647 -2147483647 -2147483647 -2147483647 -2147483647 -2147483647 -2147483647 -2147483647 -2147483647 -2147483647 -2147483647 -2147483647 -2147483647 -2147483647 -2147483647 16 3 3 0 0 0 0 0 0 1 0 0 0 15 44 9 8 5 4 6 21 13 12 46 27 12 37 42 18 4 7 7 22 6 6 16 11 0
-2147483647 -2147483647 -2147483647 -2147483647 -2147483647 -2147483647 -2147483647 -2147483647 -2147483647 -2147483647 -2147483647 -2147483647 -2147483647 -2147483647 -2147483647 -2147483647 -2147483647 -2147483647 -2147483647 -2147483647 -2147483647 18 10 0 0 1 26 6 1 0 0 0 2 17 2 10 8 14 1 2 2 12 43 31 44 27 2 12 5 7 31 24 17 8 5 51 0 28
-2147483647 -2147483647 -2147483647 -2147483647 -2147483647 -2147483647 -2147483647 -2147483647 -2147483647 -2147483647 -2147483647 -2147483647 -2147483647 -2147483647 -2147483647 -2147483647 -2147483647 -2147483647 -2147483647 -2147483647 -2147483647 -2147483647 14 0 0 2 1 1 0 2 2 6 19 11 0 12 3 6 13 23 9 31 32 57 41 61 43 40 16 28 14 19 19 72 38 2 24 9
-2147483647 -2147483647 -2147483647 -2147483647 -2147483647 -2147483647 -2147483647 -2147483647 -2147483647 -2147483647 -2147483647 -2147483647 -2147483647 -2147483647 -2147483647 -2147483647 -2147483647 -2147483647 -2147483647 -2147483647 -2147483647 -2147483647 -2147483647 10 0 0 0 14 0 0 5 14 16 13 16 14 39 64 45 12 10 10 6 11 20 20 35 15 9 14 9 26 17 15 10 21 18 46
-2147483647 -2147483647 -2147483647 -2147483647 -2147483647 -2147483647 -2147483647 -2147483647 -2147483647 -2147483647 -2147483647 -2147483647 -2147483647 -2147483647 -2147483647 -2147483647 -2147483647 -2147483647 -2147483647 -2147483647 -2147483647 -2147483647 -2147483647 22 12 0 3 0 1 6 20 3 1 29 23 25 17 11 2 9 25 28 30 6 7 10 16 6 14 11 23 8 26 7 15 28 33 24
-2147483647 -2147483647 -2147483647 -2147483647 -2147483647 -2147483647 -2147483647 -2147483647 -2147483647 -2147483647 -2147483647 -2147483647 -2147483647 -2147483647 -2147483647 -2147483647 -2147483647 -2147483647 -2147483647 -2147483647 -2147483647 -2147483647 -2147483647 -2147483647 20 4 9 7 1 10 2 18 28 23 8 22 15 20 21 13 21 16 15 19 1 1 9 16 18 27 28 40 36 34 45 15 42 62
-2147483647 -2147483647 -2147483647 -2147483647 -2147483647 -2147483647 -2147483647 -2147483647 -2147483647 -2147483647 -2147483647 -2147483647 -2147483647 -2147483647 -2147483647 -2147483647 -2147483647 -2147483647 -2147483647 -2147483647 -2147483647 -2147483647 -2147483647 -2147483647 -2147483647 16 14 2 0 0 5 4 10 24 40 19 24 32 26 26 40 10 24 10 0 20 14 40 59 50 37 20 40 22 7 34 40 27
-2147483647 -2147483647 -2147483647 -2147483647 -2147483647 -2147483647 -2147483647 -2147483647 -2147483647 -2147483647 -2147483647 -2147483647 -2147483647 -2147483647 -2147483647 -2147483647 -2147483647 -2147483647 -2147483647 -2147483647 -2147483647 -2147483647 -2147483647 -2147483647 -2147483647 15 2 0 -2147483647 1 12 21 44 14 11 29 3 17 31 18 20 37 26 32 45 55 55 39 22 25 42 27 18 40 38 31 5 12
-2147483647 -2147483647 -2147483647 -2147483647 -2147483647 -2147483647 -2147483647 -2147483647 -2147483647 -2147483647 -2147483647 -2147483647 -2147483647 -2147483647 -2147483647 -2147483647 -2147483647 -2147483647 -2147483647 -2147483647 -2147483647 -2147483647 -2147483647 -2147483647 -2147483647 -2147483647 -2147483647 13 -2147483647 11 8 26 18 8 8 38 27 43 81 63 35 52 43 34 43 78 65 47 18 15 16 22 16 17 21 38 31 10
-2147483647 -2147483647 -2147483647 -2147483647 -2147483647 -2147483647 -2147483647 -2147483647 -2147483647 -2147483647 -2147483647 -2147483647 -2147483647 -2147483647 -2147483647 -2147483647 -2147483647 -2147483647 -2147483647 -2147483647 -2147483647 -2147483647 -2147483647 -2147483647 -2147483647 -2147483647 -2147483647 -2147483647 -2147483647 8 9 0 2 10 9 13 34 48 77 62 65 47 55 45 20 25 46 84 26 38 23 26 32 33 46 24 41 35
-2147483647 -2147483647 -2147483647 -2147483647 -2147483647 -2147483647 -2147483647 -2147483647 -2147483647 -2147483647 -2147483647 -2147483647 -2147483647 -2147483647 -2147483647 -2147483647 -2147483647 -2147483647 -2147483647 -2147483647 -2147483647 -2147483647 -2147483647 -2147483647 -2147483647 -2147483647 -2147483647 -2147483647 -2147483647 -2147483647 -2147483647 9 6 1 8 0 30 39 70 48 55 50 48 65 50 5 0 2 45 54 50 32 29 27 36 28 31 25
