layers_USE/Aspect_w_clip.asc
NCOLS 732 
NROWS 480 
XLLCORNER 162.7 
YLLCORNER -23 
CELLSIZE 0.00833333333333333 
NODATA_value -2147483647 
[rows 364 to 389 of 480, columns 406 to 463 of 732]
-2147483647 -2147483647 -2147483647 11 -2147483647 -2147483647 -2147483647 -2147483647 -2147483647 24 22 0 8 0 0 5 3 10 25 33 28 34 35 32 20 38 35 10 16 20 23 42 0 2 20 26 29 0 13 29 24 4 26 55 43 34 3 0 0 0 0 0 0 13 27 44 31 5
-2147483647 -2147483647 -2147483647 -2147483647 11 14 21 3 6 22 36 15 5 1 0 3 9 8 19 35 29 27 23 37 33 38 43 22 20 4 71 30 0 0 22 56 36 0 0 2 10 48 28 43 8 25 12 31 1 9 0 4 0 12 56 37 28 10
-2147483647 -2147483647 -2147483647 -2147483647 -2147483647 -2147483647 -2147483647 -2147483647 4 31 62 30 0 12 7 0 3 8 19 33 35 19 25 46 25 54 56 73 64 7 16 61 0 13 32 30 29 1 8 0 43 13 74 54 2 27 30 51 8 41 53 5 2 0 46 59 4 13
-2147483647 -2147483647 -2147483647 -2147483647 -2147483647 -2147483647 -2147483647 -2147483647 0 40 54 6 22 50 34 5 3 0 2 12 22 6 38 15 36 46 78 99 44 38 26 17 0 4 2 39 0 49 51 4 6 1 84 62 0 0 48 32 32 99 22 19 29 19 14 54 25 16
-2147483647 -2147483647 -2147483647 15 -2147483647 -2147483647 -2147483647 -2147483647 0 27 30 4 9 33 43 18 0 18 8 0 6 10 25 4 35 36 38 55 28 59 56 9 20 3 0 56 12 97 19 25 23 10 11 27 0 0 25 35 61 63 0 35 48 65 2 22 0 0
-2147483647 -2147483647 -2147483647 -2147483647 21 47 -2147483647 -2147483647 20 6 6 9 11 26 16 24 10 25 29 9 11 0 5 21 19 22 40 21 51 46 67 0 2 1 3 52 63 46 25 88 21 33 54 0 2 0 37 29 70 33 0 37 75 31 21 69 6 1
-2147483647 -2147483647 -2147483647 -2147483647 15 34 21 12 43 13 25 36 26 1 46 35 31 46 17 23 4 7 8 34 22 46 58 7 74 18 13 6 8 7 27 25 43 18 69 57 24 85 75 1 0 1 16 73 63 1 3 85 29 25 42 92 30 1
18 8 -2147483647 23 30 17 -2147483647 -2147483647 -2147483647 26 30 36 49 22 3 56 49 46 40 8 2 10 12 2 12 43 53 7 39 39 31 5 19 9 26 20 49 93 52 14 27 33 63 14 0 19 35 62 53 0 0 43 10 20 45 43 58 30
-2147483647 -2147483647 -2147483647 -2147483647 15 -2147483647 -2147483647 -2147483647 -2147483647 18 18 24 38 17 22 65 24 57 18 7 0 28 44 0 30 50 0 16 25 61 8 22 2 26 20 28 43 62 35 10 19 59 21 66 0 0 67 54 57 0 0 61 32 3 7 9 36 33
-2147483647 -2147483647 -2147483647 -2147483647 -2147483647 -2147483647 -2147483647 -2147483647 -2147483647 -2147483647 11 19 11 27 26 36 30 24 36 0 9 10 33 30 18 27 22 0 5 22 22 56 5 21 26 29 38 47 21 5 29 27 60 13 2 0 53 51 38 0 1 67 23 37 2 4 32 17
-2147483647 -2147483647 -2147483647 -2147483647 -2147483647 -2147483647 -2147483647 -2147483647 -2147483647 -2147483647 -2147483647 -2147483647 -2147483647 8 24 19 37 57 27 51 24 6 15 16 27 42 39 3 1 23 21 38 5 14 33 52 24 9 17 18 16 9 33 27 0 0 48 63 1 0 18 42 48 24 0 60 27 0
-2147483647 -2147483647 -2147483647 -2147483647 -2147483647 -2147483647 -2147483647 -2147483647 -2147483647 -2147483647 -2147483647 -2147483647 -2147483647 -2147483647 22 4 38 47 37 53 9 7 0 15 20 44 59 0 0 12 19 18 42 11 40 38 35 1 28 42 16 2 9 28 14 5 43 4 2 38 8 34 14 41 0 54 0 5
-2147483647 -2147483647 -2147483647 -2147483647 -2147483647 -2147483647 -2147483647 -2147483647 -2147483647 -2147483647 -2147483647 -2147483647 -2147483647 -2147483647 -2147483647 13 35 30 30 27 39 7 7 21 51 32 29 0 9 19 21 7 40 2 22 20 23 14 27 30 21 3 10 26 30 8 22 39 27 31 27 15 33 15 25 16 20 25
-2147483647 -2147483647 -2147483647 -2147483647 -2147483647 -2147483647 -2147483647 -2147483647 -2147483647 -2147483647 -2147483647 -2147483647 -2147483647 -2147483647 -2147483647 8 17 42 5 43 40 34 18 0 12 76 9 29 5 9 13 12 25 6 23 42 31 31 43 25 16 10 2 15 12 0 32 76 81 26 21 21 4 37 9 50 11 13
-2147483647 -2147483647 -2147483647 -2147483647 -2147483647 -2147483647 -2147483647 -2147483647 -2147483647 -2147483647 -2147483647 -2147483647 -2147483647 -2147483647 -2147483647 -2147483647 -2147483647 19 17 57 13 44 33 2 1 51 15 13 -2147483647 26 5 0 21 4 31 59 27 8 9 9 0 21 1 16 24 10 55 41 95 37 23 4 0 29 15 4 13 8
-2147483647 -2147483647 -2147483647 -2147483647 -2147483647 -2147483647 -2147483647 -2147483647 -2147483647 -2147483647 -2147483647 -2147483647 -2147483647 -2147483647 -2147483647 -2147483647 -2147483647 -2147483647 14 30 12 21 30 1 -2147483647 18 2 -2147483647 28 34 16 0 0 22 25 28 7 20 38 33 1 37 12 22 36 25 49 58 62 56 60 46 0 7 2 1 20 12
-2147483647 -2147483647 -2147483647 -2147483647 -2147483647 -2147483647 -2147483647 -2147483647 -2147483647 -2147483647 -2147483647 -2147483647 -2147483647 -2147483647 -2147483647 -2147483647 -2147483647 -2147483647 -2147483647 -2147483647 9 20 25 10 -2147483647 -2147483647 -2147483647 16 23 70 15 0 6 26 10 21 25 22 10 34 4 2 4 12 43 24 35 45 28 57 79 74 0 0 4 0 7 45
-2147483647 -2147483647 -2147483647 -2147483647 -2147483647 -2147483647 -2147483647 -2147483647 -2147483647 -2147483647 -2147483647 -2147483647 -2147483647 -2147483647 -2147483647 -2147483647 -2147483647 -2147483647 -2147483647 -2147483647 -2147483647 -2147483647 -2147483647 -2147483647 -2147483647 -2147483647 2 6 9 54 49 14 7 19 -2147483647 -2147483647 0 6 6 15 8 20 4 8 32 27 30 32 36 68 84 56 0 5 18 63 47 14
-2147483647 -2147483647 -2147483647 -2147483647 -2147483647 -2147483647 -2147483647 -2147483647 -2147483647 -2147483647 -2147483647 -2147483647 -2147483647 -2147483647 -2147483647 -2147483647 -2147483647 -2147483647 -2147483647 -2147483647 -2147483647 -2147483647 -2147483647 -2147483647 -2147483647 -2147483647 -2147483647 -2147483647 20 31 41 26 64 0 -2147483647 -2147483647 -2147483647 -2147483647 -2147483647 -2147483647 2 9 41 21 15 30 20 39 20 35 62 48 0 0 46 40 13 0
-2147483647 -2147483647 -2147483647 -2147483647 -2147483647 -2147483647 -2147483647 -2147483647 -2147483647 -2147483647 -2147483647 -2147483647 -2147483647 -2147483647 -2147483647 -2147483647 -2147483647 -2147483647 -2147483647 -2147483647 -2147483647 -2147483647 -2147483647 -2147483647 -2147483647 -2147483647 -2147483647 -2147483647 6 30 15 44 39 2 -2147483647 -2147483647 -2147483647 -2147483647 -2147483647 -2147483647 -2147483647 7 21 28 52 7 0 46 28 8 70 26 31 1 15 52 53 5
-2147483647 -2147483647 -2147483647 -2147483647 -2147483647 -2147483647 -2147483647 -2147483647 -2147483647 -2147483647 -2147483647 -2147483647 -2147483647 -2147483647 -2147483647 -2147483647 -2147483647 -2147483647 -2147483647 -2147483647 -2147483647 -2147483647 -2147483647 -2147483647 -2147483647 -2147483647 -2147483647 -2147483647 -2147483647 -2147483647 -2147483647 21 10 27 -2147483647 -2147483647 -2147483647 -2147483647 -2147483647 -2147483647 -2147483647 16 24 30 31 27 3 47 28 41 27 26 38 4 0 81 37 49
-2147483647 -2147483647 -2147483647 -2147483647 -2147483647 -2147483647 -2147483647 -2147483647 -2147483647 -2147483647 -2147483647 -2147483647 -2147483647 -2147483647 -2147483647 -2147483647 -2147483647 -2147483647 -2147483647 -2147483647 -2147483647 -2147483647 -2147483647 -2147483647 -2147483647 -2147483647 -2147483647 -2147483647 -2147483647 -2147483647 -2147483647 -2147483647 -2147483647 -2147483647 -2147483647 -2147483647 -2147483647 -2147483647 -2147483647 -2147483647 0 3 9 9 30 35 13 46 54 28 10 43 44 15 9 29 36 57
-2147483647 -2147483647 -2147483647 -2147483647 -2147483647 -2147483647 -2147483647 -2147483647 -2147483647 -2147483647 -2147483647 -2147483647 -2147483647 -2147483647 -2147483647 -2147483647 -2147483647 -2147483647 -2147483647 -2147483647 -2147483647 -2147483647 -2147483647 -2147483647 -2147483647 -2147483647 -2147483647 -2147483647 -2147483647 8 27 12 -2147483647 -2147483647 -2147483647 -2147483647 -2147483647 0 -2147483647 -2147483647 -2147483647 -2147483647 -2147483647 6 0 14 21 33 8 22 25 27 39 14 20 28 51 38
-2147483647 -2147483647 -2147483647 -2147483647 -2147483647 -2147483647 -2147483647 -2147483647 -2147483647 -2147483647 -2147483647 -2147483647 -2147483647 -2147483647 -2147483647 -2147483647 -2147483647 -2147483647 -2147483647 -2147483647 -2147483647 -2147483647 -2147483647 -2147483647 -2147483647 -2147483647 -2147483647 -2147483647 -2147483647 12 19 -2147483647 -2147483647 -2147483647 -2147483647 -2147483647 -2147483647 -2147483647 -2147483647 -2147483647 -2147483647 -2147483647 -2147483647 -2147483647 21 20 31 32 3 10 25 1 22 17 18 23 15 44
-2147483647 -2147483647 -2147483647 -2147483647 -2147483647 -2147483647 -2147483647 -2147483647 -2147483647 -2147483647 -2147483647 -2147483647 -2147483647 -2147483647 -2147483647 -2147483647 -2147483647 -2147483647 -2147483647 -2147483647 -2147483647 -2147483647 -2147483647 -2147483647 -2147483647 -2147483647 -2147483647 -2147483647 -2147483647 -2147483647 -2147483647 -2147483647 -2147483647 -2147483647 -2147483647 -2147483647 0 -2147483647 -2147483647 8 23 -2147483647 9 5 39 14 28 26 -2147483647 4 0 2 7 16 6 19 5 11
-2147483647 -2147483647 -2147483647 -2147483647 -2147483647 -2147483647 -2147483647 -2147483647 -2147483647 -2147483647 -2147483647 -2147483647 -2147483647 -2147483647 -2147483647 -2147483647 -2147483647 -2147483647 -2147483647 -2147483647 -2147483647 -2147483647 -2147483647 -2147483647 -2147483647 -2147483647 -2147483647 -2147483647 -2147483647 -2147483647 -2147483647 -2147483647 -2147483647 -2147483647 -2147483647 -2147483647 -2147483647 0 3 39 28 22 14 17 19 13 16 25 -2147483647 -2147483647 -2147483647 -2147483647 -2147483647 0 -2147483647 -2147483647 1 6
