layers_USE/Aspect_e_clip.asc
NCOLS 732 
NROWS 480 
XLLCORNER 162.7 
YLLCORNER -23 
CELLSIZE 0.00833333333333333 
NODATA_value -2147483647 
[rows 182 to 207 of 480, columns 174 to 231 of 732]
-2147483647 -2147483647 -2147483647 -2147483647 -2147483647 -2147483647 22 3 12 0 2 1 44 24 26 48 6 32 18 38 44 23 24 30 0 32 50 18 29 12 18 18 15 31 6 36 18 17 22 17 34 4 29 56 35 9 3 20 10 3 0 0 16 22 6 0 21 8
-2147483647 -2147483647 -2147483647 -2147483647 -2147483647 -2147483647 16 16 5 0 0 0 2 16 14 57 2 13 7 23 37 5 8 26 31 30 21 25 7 25 26 41 21 2 34 16 9 16 18 47 13 7 50 38 27 21 26 38 11 8 0 4 34 26 2 5 17 27
-2147483647 -2147483647 -2147483647 -2147483647 -2147483647 -2147483647 -2147483647 -2147483647 17 15 7 11 0 4 15 12 17 14 5 13 8 6 11 25 31 1 23 29 0 11 46 34 39 26 53 38 13 23 12 26 23 5 33 38 20 17 12 23 26 41 13 46 49 18 0 10 4 5
-2147483647 -2147483647 -2147483647 -2147483647 -2147483647 -2147483647 -2147483647 -2147483647 -2147483647 23 5 16 0 12 3 7 20 55 12 10 27 3 32 22 0 6 37 51 6 18 26 32 49 30 49 29 40 20 39 21 15 2 22 16 13 9 21 13 45 28 7 47 16 0 0 0 41 0
-2147483647 -2147483647 -2147483647 -2147483647 -2147483647 -2147483647 -2147483647 -2147483647 -2147483647 6 11 3 6 0 0 3 5 33 7 8 15 5 11 26 25 13 13 37 31 4 36 37 40 16 39 19 32 53 15 12 28 9 1 3 37 6 5 44 36 27 17 53 3 0 5 2 26 8
-2147483647 -2147483647 -2147483647 -2147483647 -2147483647 -2147483647 -2147483647 -2147483647 -2147483647 -2147483647 -2147483647 13 5 0 5 3 8 3 3 7 1 3 3 22 49 20 8 0 43 34 8 39 28 39 27 40 16 7 40 11 6 4 5 7 3 7 28 27 48 10 1 24 0 21 20 19 8 7
-2147483647 -2147483647 -2147483647 -2147483647 -2147483647 -2147483647 -2147483647 -2147483647 -2147483647 -2147483647 -2147483647 -2147483647 18 13 18 16 10 8 0 0 1 3 20 38 38 19 15 0 16 23 21 46 32 33 20 18 29 10 13 17 37 0 15 4 47 14 54 1 36 25 2 0 3 56 51 68 28 4
-2147483647 -2147483647 -2147483647 -2147483647 -2147483647 -2147483647 -2147483647 -2147483647 -2147483647 -2147483647 -2147483647 -2147483647 -2147483647 -2147483647 9 23 20 4 0 1 41 32 14 0 21 5 18 20 6 14 72 52 48 30 17 16 32 30 11 16 10 12 42 11 14 42 15 1 0 21 2 0 3 26 39 46 34 18
-2147483647 -2147483647 -2147483647 -2147483647 -2147483647 -2147483647 -2147483647 -2147483647 -2147483647 -2147483647 -2147483647 -2147483647 -2147483647 -2147483647 -2147483647 -2147483647 -2147483647 15 0 3 13 14 5 0 0 12 51 31 20 35 19 28 66 26 23 37 7 22 30 32 17 11 9 12 43 16 0 1 15 75 30 10 6 5 2 38 37 31
-2147483647 -2147483647 -2147483647 -2147483647 -2147483647 -2147483647 -2147483647 -2147483647 -2147483647 -2147483647 -2147483647 -2147483647 -2147483647 -2147483647 -2147483647 -2147483647 -2147483647 12 7 0 0 10 0 0 0 11 16 14 20 67 38 27 34 46 24 24 2 10 4 24 26 37 27 21 40 24 0 13 1 13 42 44 10 1 1 38 22 3
-2147483647 -2147483647 -2147483647 -2147483647 -2147483647 -2147483647 -2147483647 -2147483647 -2147483647 -2147483647 -2147483647 -2147483647 -2147483647 -2147483647 -2147483647 -2147483647 -2147483647 -2147483647 20 4 0 0 0 1 0 21 0 0 37 85 51 33 20 51 31 14 1 8 6 30 36 17 35 20 21 6 21 9 8 16 5 20 4 3 0 18 10 3
-2147483647 -2147483647 -2147483647 -2147483647 -2147483647 -2147483647 -2147483647 -2147483647 -2147483647 -2147483647 -2147483647 -2147483647 -2147483647 -2147483647 -2147483647 -2147483647 -2147483647 -2147483647 -2147483647 24 0 0 0 0 16 1 0 0 11 79 81 48 32 29 12 11 18 7 12 20 35 28 30 38 2 17 13 44 11 8 26 15 11 4 0 35 22 13
-2147483647 -2147483647 -2147483647 -2147483647 -2147483647 -2147483647 -2147483647 -2147483647 -2147483647 -2147483647 -2147483647 -2147483647 -2147483647 -2147483647 -2147483647 -2147483647 -2147483647 -2147483647 -2147483647 14 5 0 0 0 21 1 0 15 0 30 62 72 22 29 14 6 7 24 19 34 26 20 39 24 16 6 3 15 21 7 13 17 7 0 9 54 31 22
-2147483647 -2147483647 -2147483647 -2147483647 -2147483647 -2147483647 -2147483647 -2147483647 -2147483647 -2147483647 -2147483647 -2147483647 -2147483647 -2147483647 -2147483647 -2147483647 -2147483647 -2147483647 -2147483647 15 7 0 0 0 0 0 8 2 0 17 94 72 24 18 16 7 14 15 11 39 18 41 37 4 20 20 5 23 15 10 28 15 0 1 5 58 33 34
-2147483647 -2147483647 -2147483647 -2147483647 -2147483647 -2147483647 -2147483647 -2147483647 -2147483647 -2147483647 -2147483647 -2147483647 -2147483647 -2147483647 -2147483647 -2147483647 -2147483647 -2147483647 -2147483647 12 8 0 0 0 3 0 2 0 4 34 62 71 68 2 15 15 3 25 1 18 23 9 53 25 27 26 16 32 8 30 40 16 0 7 13 2 8 31
-2147483647 -2147483647 -2147483647 -2147483647 -2147483647 -2147483647 -2147483647 -2147483647 -2147483647 -2147483647 -2147483647 -2147483647 -2147483647 -2147483647 -2147483647 -2147483647 -2147483647 -2147483647 -2147483647 -2147483647 11 5 2 0 0 0 3 8 28 28 26 68 42 1 4 25 7 0 10 16 45 41 32 15 13 13 22 14 13 61 51 16 7 14 36 6 6 23
-2147483647 -2147483647 -2147483647 -2147483647 -2147483647 -2147483647 -2147483647 -2147483647 -2147483647 -2147483647 -2147483647 -2147483647 -2147483647 -2147483647 -2147483647 -2147483647 -2147483647 -2147483647 -2147483647 -2147483647 -2147483647 10 7 0 0 2 6 7 27 36 20 19 16 3 13 26 19 0 5 3 37 63 0 15 47 18 22 17 52 23 36 34 14 9 25 10 34 23
-2147483647 -2147483647 -2147483647 -2147483647 -2147483647 -2147483647 -2147483647 -2147483647 -2147483647 -2147483647 -2147483647 -2147483647 -2147483647 -2147483647 -2147483647 -2147483647 -2147483647 -2147483647 -2147483647 -2147483647 -2147483647 -2147483647 21 2 0 0 6 12 8 37 17 15 5 26 21 19 12 2 22 25 22 9 11 0 33 38 16 3 38 45 13 51 2 3 6 46 55 18
-2147483647 -2147483647 -2147483647 -2147483647 -2147483647 -2147483647 -2147483647 -2147483647 -2147483647 -2147483647 -2147483647 -2147483647 -2147483647 -2147483647 -2147483647 -2147483647 -2147483647 -2147483647 -2147483647 -2147483647 -2147483647 -2147483647 -2147483647 12 4 2 7 45 11 5 0 5 7 12 14 4 3 2 3 29 38 4 0 0 23 35 5 59 10 51 22 35 8 3 44 15 12 15
-2147483647 -2147483647 -2147483647 -2147483647 -2147483647 -2147483647 -2147483647 -2147483647 -2147483647 -2147483647 -2147483647 -2147483647 -2147483647 -2147483647 -2147483647 -2147483647 -2147483647 -2147483647 -2147483647 -2147483647 -2147483647 -2147483647 -2147483647 17 11 0 7 40 5 1 6 19 2 9 7 10 5 7 0 47 21 2 6 0 11 46 41 28 33 16 21 27 4 25 24 13 22 17
-2147483647 -2147483647 -2147483647 -2147483647 -2147483647 -2147483647 -2147483647 -2147483647 -2147483647 -2147483647 -2147483647 -2147483647 -2147483647 -2147483647 -2147483647 -2147483647 -2147483647 -2147483647 -2147483647 -2147483647 -2147483647 -2147483647 -2147483647 -2147483647 19 5 3 9 1 11 4 20 0 20 24 20 18 10 32 23 9 2 13 5 24 8 54 17 39 14 10 33 20 9 10 37 5 12
-2147483647 -2147483647 -2147483647 -2147483647 -2147483647 -2147483647 -2147483647 -2147483647 -2147483647 -2147483647 -2147483647 -2147483647 -2147483647 -2147483647 -2147483647 -2147483647 -2147483647 -2147483647 -2147483647 -2147483647 -2147483647 -2147483647 -2147483647 -2147483647 -2147483647 13 21 0 0 0 0 4 1 17 12 40 8 19 12 7 16 21 11 17 31 4 6 25 14 27 15 45 32 28 3 20 4 0
-2147483647 -2147483647 -2147483647 -2147483647 -2147483647 -2147483647 -2147483647 -2147483647 -2147483647 -2147483647 -2147483647 -2147483647 -2147483647 -2147483647 -2147483647 -2147483647 -2147483647 -2147483647 -2147483647 -2147483647 -2147483647 -2147483647 -2147483647 -2147483647 -2147483647 11 2 0 -2147483647 0 0 12 11 2 35 19 14 1 25 2 13 46 30 25 3 2 0 0 25 31 35 36 43 10 34 5 11 26
-2147483647 -2147483647 -2147483647 -2147483647 -2147483647 -2147483647 -2147483647 -2147483647 -2147483647 -2147483647 -2147483647 -2147483647 -2147483647 -2147483647 -2147483647 -2147483647 -2147483647 -2147483647 -2147483647 -2147483647 -2147483647 -2147483647 -2147483647 -2147483647 -2147483647 -2147483647 -2147483647 14 -2147483647 2 0 8 33 7 2 14 12 0 1 7 5 23 33 37 4 0 8 25 40 24 44 28 34 56 41 16 28 25
-2147483647 -2147483647 -2147483647 -2147483647 -2147483647 -2147483647 -2147483647 -2147483647 -2147483647 -2147483647 -2147483647 -2147483647 -2147483647 -2147483647 -2147483647 -2147483647 -2147483647 -2147483647 -2147483647 -2147483647 -2147483647 -2147483647 -2147483647 -2147483647 -2147483647 -2147483647 -2147483647 -2147483647 -2147483647 6 10 1 5 2 5 12 6 0 2 5 26 4 31 50 0 0 5 11 72 25 42 35 36 28 35 22 24 25
-2147483647 -2147483647 -2147483647 -2147483647 -2147483647 -2147483647 -2147483647 -2147483647 -2147483647 -2147483647 -2147483647 -2147483647 -2147483647 -2147483647 -2147483647 -2147483647 -2147483647 -2147483647 -2147483647 -2147483647 -2147483647 -2147483647 -2147483647 -2147483647 -2147483647 -2147483647 -2147483647 -2147483647 -2147483647 -2147483647 -2147483647 4 8 0 0 0 0 1 0 9 19 14 41 25 9 1 0 6 20 37 43 29 28 46 27 28 24 52
