layers_USE/Aspect_w_clip.asc
NCOLS 732 
NROWS 480 
XLLCORNER 162.7 
YLLCORNER -23 
CELLSIZE 0.00833333333333333 
NODATA_value -2147483647 
[rows 286 to 311 of 480, columns 290 to 347 of 732]
20 10 5 21 15 14 9 3 14 20 21 35 34 37 38 51 23 27 9 0 52 27 0 16 36 24 31 40 61 39 32 0 0 0 2 38 44 2 12 37 14 83 54 3 22 34 53 39 6 38 33 37 5 23 42 43 51 9
29 32 32 18 20 10 34 7 9 6 13 28 50 42 12 36 29 12 5 30 31 26 52 0 30 2 7 28 25 83 40 0 0 0 17 23 14 0 24 47 38 39 48 9 19 17 19 41 11 23 36 33 16 5 49 55 37 0
22 47 23 34 37 15 24 37 36 29 3 5 31 17 16 16 38 26 13 53 76 74 44 1 24 38 22 16 1 44 65 0 3 0 1 13 3 0 8 44 23 64 29 24 29 19 27 15 6 23 34 32 18 30 20 36 55 18
29 29 21 38 36 27 23 30 42 34 19 13 13 20 19 26 13 29 27 58 79 85 50 41 46 22 44 4 1 0 32 9 0 0 0 0 0 1 8 29 53 54 66 16 22 56 5 12 12 26 29 27 39 33 20 50 30 18
-2147483647 28 62 11 43 27 33 25 40 23 25 30 36 39 26 34 9 13 38 38 49 54 75 56 61 25 5 0 25 49 22 34 0 8 3 1 0 0 3 19 57 49 11 18 26 52 20 21 36 6 5 28 45 43 20 28 8 33
-2147483647 12 30 17 32 39 52 4 42 41 32 18 46 20 11 12 18 39 19 22 39 35 62 62 37 4 7 7 85 54 12 20 9 8 41 48 0 0 29 2 11 7 5 25 41 83 25 29 16 0 45 39 30 63 55 3 15 21
-2147483647 -2147483647 26 36 18 44 50 8 23 19 36 35 34 3 2 18 35 46 16 23 38 46 36 38 60 19 17 58 69 54 7 38 14 33 82 83 1 1 5 0 0 0 15 4 41 35 68 28 19 11 53 38 41 32 42 12 0 6
-2147483647 -2147483647 31 19 20 45 33 20 37 41 14 40 28 13 2 31 24 22 5 43 27 18 45 30 14 27 40 82 52 6 0 14 16 92 64 37 5 69 9 0 0 0 4 0 17 57 59 27 14 6 39 19 77 43 31 1 7 10
-2147483647 -2147483647 5 35 33 22 25 16 30 33 32 28 24 19 6 46 44 5 39 29 15 16 37 14 44 24 51 28 28 28 10 0 36 68 33 22 14 46 39 19 0 6 11 1 6 77 42 19 27 39 43 19 55 63 64 0 0 21
-2147483647 -2147483647 -2147483647 21 21 32 9 29 32 26 32 35 29 11 27 35 23 3 50 1 28 34 14 5 46 5 7 17 27 11 0 2 15 27 11 15 8 77 22 0 0 6 3 6 26 32 74 1 19 48 45 67 46 46 5 0 7 20
-2147483647 -2147483647 -2147483647 -2147483647 10 5 4 25 22 30 31 24 8 35 40 20 14 9 54 11 6 33 15 6 53 10 7 9 45 3 8 16 8 24 38 29 37 12 2 4 28 0 8 3 28 32 21 7 20 24 49 41 59 44 46 9 27 6
-2147483647 -2147483647 -2147483647 -2147483647 -2147483647 8 11 13 15 36 28 29 0 53 37 27 31 0 11 14 10 27 9 28 32 11 31 3 26 12 29 33 2 25 54 25 0 19 23 20 41 14 0 9 42 41 3 6 15 53 36 32 43 70 13 24 1 26
-2147483647 -2147483647 -2147483647 -2147483647 -2147483647 -2147483647 -2147483647 9 19 12 38 19 23 22 7 42 22 3 38 20 30 30 0 35 35 24 4 20 28 30 16 12 33 35 14 29 0 39 38 13 78 33 0 3 66 56 3 36 27 36 39 53 27 41 4 25 15 17
-2147483647 -2147483647 -2147483647 -2147483647 -2147483647 -2147483647 -2147483647 -2147483647 -2147483647 -2147483647 34 18 18 4 20 9 23 16 15 26 28 16 13 6 24 10 15 21 30 15 21 24 58 12 45 26 2 1 9 27 41 3 25 1 59 33 3 22 35 20 44 27 13 40 23 8 15 45
-2147483647 -2147483647 -2147483647 -2147483647 -2147483647 -2147483647 -2147483647 -2147483647 -2147483647 -2147483647 19 21 10 33 41 11 25 5 39 40 2 13 10 17 14 11 6 15 17 25 5 12 36 26 26 31 27 13 0 6 11 40 17 38 31 44 0 44 29 27 24 54 35 70 25 66 71 13
-2147483647 -2147483647 -2147483647 -2147483647 -2147483647 -2147483647 -2147483647 -2147483647 -2147483647 -2147483647 -2147483647 -2147483647 -2147483647 21 16 16 5 31 11 9 15 7 20 15 31 24 16 49 8 49 18 29 10 14 22 22 38 4 5 12 6 7 23 48 44 25 1 45 16 28 59 31 44 53 22 79 33 35
-2147483647 -2147483647 -2147483647 -2147483647 -2147483647 -2147483647 -2147483647 -2147483647 -2147483647 -2147483647 -2147483647 -2147483647 -2147483647 13 3 -2147483647 7 17 2 7 22 43 16 16 27 3 10 13 1 10 9 8 21 19 15 25 19 34 3 6 16 1 8 49 36 20 10 34 43 21 54 41 4 11 35 58 42 68
-2147483647 -2147483647 -2147483647 -2147483647 -2147483647 -2147483647 -2147483647 -2147483647 -2147483647 -2147483647 -2147483647 -2147483647 -2147483647 -2147483647 -2147483647 -2147483647 -2147483647 24 18 31 15 7 17 10 6 16 32 34 18 20 21 44 23 14 9 41 30 25 12 12 4 10 2 31 45 13 12 36 31 10 53 40 4 15 53 36 27 45
-2147483647 -2147483647 -2147483647 -2147483647 -2147483647 -2147483647 -2147483647 -2147483647 -2147483647 -2147483647 -2147483647 -2147483647 -2147483647 -2147483647 -2147483647 -2147483647 7 58 65 31 7 8 37 25 20 20 34 44 24 24 16 29 30 32 7 26 28 4 8 8 4 0 19 42 5 2 22 22 25 22 71 5 19 34 28 49 86 16
-2147483647 -2147483647 -2147483647 -2147483647 -2147483647 -2147483647 -2147483647 -2147483647 -2147483647 -2147483647 -2147483647 -2147483647 -2147483647 -2147483647 -2147483647 -2147483647 0 51 33 30 14 41 24 29 17 41 37 11 15 9 48 26 43 39 7 42 20 0 10 25 4 4 12 30 13 18 11 35 45 39 17 19 51 48 13 25 77 23
-2147483647 -2147483647 -2147483647 -2147483647 -2147483647 -2147483647 -2147483647 -2147483647 -2147483647 -2147483647 -2147483647 -2147483647 -2147483647 -2147483647 -2147483647 -2147483647 -2147483647 6 10 5 18 23 29 31 40 23 14 18 8 31 30 35 25 24 1 35 58 3 1 0 8 6 17 8 24 14 37 45 27 29 3 19 32 28 44 16 14 18
-2147483647 -2147483647 -2147483647 -2147483647 -2147483647 -2147483647 -2147483647 -2147483647 -2147483647 -2147483647 -2147483647 -2147483647 -2147483647 -2147483647 -2147483647 -2147483647 -2147483647 -2147483647 17 11 0 11 38 24 11 10 46 15 15 25 30 25 24 17 8 49 28 24 6 17 3 3 24 12 7 4 65 7 28 32 6 32 32 65 10 48 13 4
-2147483647 -2147483647 -2147483647 -2147483647 -2147483647 -2147483647 -2147483647 -2147483647 -2147483647 -2147483647 -2147483647 -2147483647 -2147483647 -2147483647 -2147483647 -2147483647 -2147483647 -2147483647 -2147483647 22 10 5 3 22 24 13 22 17 26 10 40 10 50 21 17 13 41 6 3 37 19 3 10 17 6 12 16 36 9 26 38 14 48 52 13 13 28 26
-2147483647 -2147483647 -2147483647 -2147483647 -2147483647 -2147483647 -2147483647 -2147483647 -2147483647 -2147483647 -2147483647 -2147483647 -2147483647 -2147483647 -2147483647 -2147483647 -2147483647 -2147483647 -2147483647 -2147483647 3 7 5 4 2 3 15 19 31 11 13 15 33 7 39 35 29 43 11 36 27 1 1 0 0 6 15 12 13 21 28 17 39 25 27 8 18 42
-2147483647 -2147483647 -2147483647 -2147483647 -2147483647 -2147483647 -2147483647 -2147483647 -2147483647 -2147483647 -2147483647 -2147483647 -2147483647 -2147483647 -2147483647 -2147483647 -2147483647 -2147483647 -2147483647 -2147483647 -2147483647 -2147483647 -2147483647 -2147483647 13 3 7 5 5 9 44 31 14 0 20 39 32 11 9 2 1 3 1 0 16 21 23 19 14 45 11 14 21 7 4 23 34 18
-2147483647 -2147483647 -2147483647 -2147483647 -2147483647 -2147483647 -2147483647 -2147483647 -2147483647 -2147483647 -2147483647 -2147483647 -2147483647 -2147483647 -2147483647 -2147483647 -2147483647 -2147483647 -2147483647 -2147483647 -2147483647 -2147483647 -2147483647 -2147483647 -2147483647 0 3 6 4 16 32 25 25 2 13 11 8 14 31 11 11 21 6 14 11 69 30 12 18 25 5 1 9 29 21 1 16 18
