layers_USE/bio12.asc
NCOLS 732 
NROWS 480 
XLLCORNER 162.7 
YLLCORNER -23 
CELLSIZE 0.00833333333333333 
NODATA_value -32768 
[rows 256 to 287 of 480, columns 292 to 364 of 732]
1549 1587 1585 1698 1739 1731 1778 1812 1764 1681 1770 1811 1787 1850 1863 1904 1925 1906 1857 1834 1925 1839 1826 1884 1853 1853 1836 1784 1752 1787 1778 1788 1792 1791 1933 2033 2035 2038 2041 2023 2022 2044 -32768 -32768 -32768 -32768 -32768 -32768 -32768 -32768 -32768 -32768 -32768 -32768 -32768 -32768 -32768 -32768 -32768 -32768 -32768 -32768 -32768 -32768 -32768 -32768 -32768 -32768 -32768 -32768 -32768 -32768 -32768
1525 1564 1595 1692 1664 1728 1724 1689 1719 1674 1811 1810 1802 1758 1867 1883 1841 1901 1743 1797 1855 1764 1728 1744 1738 1744 1817 1891 1880 1791 1765 1792 1893 1947 1989 2018 2021 1966 2003 2030 2030 2032 2035 2036 2026 1997 2003 2032 2046 -32768 -32768 -32768 -32768 -32768 -32768 -32768 -32768 -32768 -32768 -32768 -32768 -32768 -32768 -32768 -32768 -32768 -32768 -32768 -32768 -32768 -32768 -32768 -32768
1559 1559 1621 1624 1677 1644 1653 1654 1617 1643 1702 1750 1630 1639 1810 1845 1803 1766 1679 1780 1805 1710 1699 1721 1786 1735 1797 1923 1885 1926 1895 1810 1870 1974 2001 2004 1966 1878 1932 1988 2022 2023 2024 2026 2029 1998 1980 2017 -32768 -32768 -32768 -32768 -32768 -32768 -32768 -32768 -32768 -32768 -32768 -32768 -32768 -32768 -32768 -32768 -32768 -32768 -32768 -32768 -32768 -32768 -32768 -32768 -32768
1539 1566 1530 1538 1582 1605 1632 1671 1647 1635 1744 1731 1616 1595 1638 1590 1610 1659 1678 1719 1684 1647 1669 1710 1791 1801 1859 1885 1921 1915 1945 1973 1969 1981 1963 1853 1845 1943 1979 2006 2007 2010 2012 2012 2018 2019 1974 2017 2020 1953 1929 -32768 -32768 -32768 -32768 -32768 -32768 -32768 -32768 -32768 -32768 -32768 -32768 -32768 -32768 -32768 -32768 -32768 -32768 -32768 -32768 -32768 -32768
1560 1601 1572 1544 1564 1628 1625 1661 1677 1687 1742 1691 1639 1567 1559 1567 1570 1583 1600 1611 1624 1618 1638 1721 1746 1840 1850 1903 1922 1945 1944 1957 1963 1955 1921 1860 1926 1934 1989 1985 1886 1873 1927 1986 2006 2007 2004 2010 2015 1963 2012 1904 -32768 -32768 -32768 -32768 -32768 -32768 -32768 -32768 -32768 -32768 -32768 -32768 -32768 -32768 -32768 -32768 -32768 -32768 -32768 -32768 -32768
1580 1567 1574 1591 1564 1612 1630 1622 1684 1722 1687 1681 1645 1586 1562 1559 1604 1570 1583 1579 1584 1614 1623 1636 1635 1686 1822 1870 1884 1866 1868 1888 1842 1864 1900 1954 1961 1971 1970 1947 1794 1782 1810 1855 1976 1935 1999 1998 2001 2001 2002 2007 1948 -32768 -32768 -32768 -32768 -32768 -32768 -32768 -32768 -32768 -32768 -32768 -32768 -32768 -32768 -32768 -32768 -32768 -32768 -32768 -32768
1562 1574 1597 1609 1612 1594 1619 1656 1655 1652 1596 1596 1641 1564 1615 1645 1620 1638 1595 1566 1578 1650 1642 1681 1686 1758 1772 1824 1791 1879 1696 1744 1819 1849 1918 1933 1898 1949 1943 1904 1771 1758 1769 1788 1866 1926 1911 1925 1955 1994 1995 1995 1995 1939 1856 -32768 -32768 -32768 -32768 -32768 -32768 -32768 -32768 -32768 -32768 -32768 -32768 -32768 -32768 -32768 -32768 -32768 -32768
1462 1526 1558 1576 1597 1624 1608 1613 1598 1571 1624 1596 1615 1642 1647 1693 1726 1741 1708 1629 1577 1622 1707 1736 1755 1803 1768 1783 1851 1830 1726 1737 1705 1825 1874 1850 1757 1939 1940 1913 1875 1813 1740 1773 1843 1827 1851 1827 1900 -32768 -32768 1983 1987 1985 1988 1960 1904 -32768 -32768 -32768 -32768 -32768 -32768 -32768 -32768 -32768 -32768 -32768 -32768 -32768 -32768 -32768 -32768
1421 1454 1495 1532 1538 1552 1564 1581 1582 1560 1582 1585 1606 1593 1716 1754 1731 1745 1657 1613 1583 1672 1709 1652 1755 1697 1680 1774 1795 1777 1724 1714 1730 1861 1812 1804 1892 1923 1758 1775 1845 1784 1746 1754 1766 1741 1751 1784 1866 1886 -32768 -32768 1976 1978 1976 1980 1979 -32768 -32768 -32768 -32768 -32768 -32768 -32768 -32768 -32768 -32768 -32768 -32768 -32768 -32768 -32768 -32768
1508 1519 1410 1415 1451 1449 1612 1632 1574 1603 1522 1503 1547 1621 1631 1720 1739 1730 1712 1661 1663 1585 1583 1643 1592 1591 1610 1644 1632 1624 1657 1684 1692 1774 1842 1878 1896 1908 1783 1674 1686 1709 1726 1742 1781 1813 1786 1782 1806 1859 1866 1941 -32768 -32768 -32768 1969 1969 -32768 -32768 -32768 -32768 -32768 -32768 -32768 -32768 -32768 -32768 -32768 -32768 -32768 -32768 -32768 -32768
1553 1561 1564 1577 1518 1412 1527 1617 1636 1624 1570 1528 1542 1614 1658 1679 1737 1696 1678 1751 1751 1650 1580 1581 1574 1564 1567 1576 1587 1590 1596 1607 1631 1689 1753 1813 1782 1845 1863 1796 1670 1684 1682 1678 1710 1742 1801 1829 1834 1820 1819 1868 1961 -32768 -32768 -32768 -32768 -32768 -32768 -32768 -32768 -32768 -32768 -32768 -32768 -32768 -32768 -32768 -32768 -32768 -32768 -32768 -32768
1563 1679 1661 1557 1473 1404 1548 1650 1650 1644 1607 1623 1569 1591 1581 1572 1710 1736 1728 1741 1706 1697 1640 1673 1659 1612 1568 1591 1634 1633 1586 1602 1610 1658 1637 1702 1636 1654 1852 1825 1800 1661 1661 1671 1676 1683 1700 1788 1794 1791 1794 1818 1881 1946 1956 -32768 -32768 -32768 -32768 -32768 -32768 -32768 -32768 -32768 -32768 -32768 -32768 -32768 -32768 -32768 -32768 -32768 -32768
1465 1560 1595 1382 1445 1488 1579 1628 1638 1600 1643 1660 1650 1642 1668 1594 1642 1721 1725 1738 1735 1726 1707 1703 1709 1622 1574 1610 1705 1677 1609 1591 1587 1606 1602 1627 1616 1649 1639 1658 1692 1675 1663 1678 1669 1689 1707 1706 1733 1745 1750 1793 1787 1801 1905 1942 -32768 -32768 -32768 -32768 -32768 -32768 -32768 -32768 -32768 -32768 -32768 -32768 -32768 -32768 -32768 -32768 -32768
1396 1337 1369 1506 1360 1507 1574 1628 1643 1636 1642 1637 1655 1660 1686 1696 1705 1711 1652 1634 1727 1715 1724 1728 1714 1637 1547 1586 1679 1701 1673 1610 1606 1585 1628 1619 1603 1628 1617 1629 1627 1659 1670 1685 1713 1688 1729 1739 1709 1708 1790 1824 1899 1841 1915 1937 -32768 -32768 -32768 -32768 -32768 -32768 -32768 -32768 -32768 -32768 -32768 -32768 -32768 -32768 -32768 -32768 -32768
1335 1363 1536 1525 1392 1413 1551 1614 1624 1607 1610 1647 1574 1601 1655 1674 1688 1689 1646 1560 1596 1675 1665 1652 1661 1645 1602 1639 1669 1701 1725 1692 1655 1665 1669 1613 1609 1669 1703 1660 1619 1673 1667 1678 1696 1713 1711 1699 1741 1763 1804 1842 1884 1926 1929 1931 1930 -32768 -32768 -32768 -32768 -32768 -32768 -32768 -32768 -32768 -32768 -32768 -32768 -32768 -32768 -32768 -32768
1351 1483 1497 1420 1329 1385 1509 1601 1598 1590 1628 1619 1598 1582 1644 1661 1671 1671 1664 1631 1645 1577 1531 1540 1564 1552 1563 1637 1590 1580 1710 1765 1732 1678 1716 1651 1650 1699 1759 1668 1659 1658 1669 1685 1682 1676 1684 1685 1736 1715 1784 1883 1828 1917 1915 1920 1920 1919 -32768 -32768 -32768 -32768 -32768 -32768 -32768 -32768 -32768 -32768 -32768 -32768 -32768 -32768 -32768
1389 1491 1320 1458 1425 1518 1584 1500 1558 1602 1618 1623 1603 1622 1574 1618 1649 1665 1661 1688 1621 1580 1589 1530 1511 1504 1575 1603 1584 1546 1631 1716 1752 1740 1712 1702 1723 1746 1787 1762 1790 1674 1660 1683 1842 1794 1750 1750 1716 1852 1853 1887 1904 1908 1906 1913 1912 1915 -32768 -32768 -32768 -32768 -32768 -32768 -32768 -32768 -32768 -32768 -32768 -32768 -32768 -32768 -32768
1269 1308 1359 1336 1521 1566 1549 1555 1583 1595 1605 1613 1617 1622 1576 1631 1600 1642 1659 1670 1666 1683 1653 1578 1603 1529 1534 1593 1648 1618 1607 1651 1697 1759 1735 1724 1709 1714 1787 1768 1811 1750 1743 1752 1760 1846 1855 1823 1774 1875 1874 1878 1894 1833 1881 1860 1870 1903 1899 -32768 -32768 -32768 -32768 -32768 -32768 -32768 -32768 -32768 -32768 -32768 -32768 -32768 -32768
1376 1420 1304 1403 1499 1533 1559 1570 1577 1585 1593 1600 1593 1556 1600 1615 1630 1637 1636 1650 1666 1661 1636 1618 1658 1647 1566 1557 1638 1630 1642 1620 1638 1694 1670 1764 1743 1727 1784 1792 1799 1780 1800 1806 1800 1833 1840 1847 1854 1861 1867 1874 1881 1884 1891 1891 1894 1893 1890 1792 1884 1879 1850 -32768 -32768 -32768 -32768 -32768 -32768 -32768 -32768 -32768 -32768
1473 1409 1298 1354 1431 1526 1546 1556 1562 1572 1573 1531 1558 1576 1589 1604 1594 1621 1623 1636 1649 1649 1649 1665 1651 1647 1659 1600 1616 1661 1659 1662 1639 1587 1582 1628 1714 1757 1772 1778 1786 1794 1786 1803 1808 1819 1820 1785 1767 1763 1735 1766 1868 1875 1877 1862 1812 1840 1808 1846 1872 1871 1808 1767 1767 1827 1845 -32768 -32768 -32768 -32768 -32768 -32768
1467 1394 1377 1407 1480 1524 1533 1543 1547 1559 1562 1518 1565 1579 1567 1476 1492 1605 1617 1631 1635 1641 1647 1650 1650 1647 1619 1580 1592 1631 1675 1681 1687 1687 1573 1618 1720 1742 1759 1764 1757 1768 1785 1794 1798 1805 1797 1743 1682 1652 1693 1711 1810 1860 1865 1854 1764 1688 1778 1736 1859 1858 1752 1731 1728 1762 1792 1754 1831 -32768 -32768 -32768 -32768
1474 1448 1463 1485 1504 1512 1520 1528 1535 1542 1549 1559 1559 1566 1481 1388 1383 1494 1609 1612 1617 1625 1626 1616 1628 1637 1612 1550 1587 1619 1646 1671 1691 1666 1617 1627 1693 1706 1738 1746 1742 1720 1759 1775 1756 1766 1798 1795 1764 1656 1815 1823 1840 1838 1779 1818 1778 1696 1668 1676 1725 1844 1839 1840 1780 1723 1710 1721 1802 1814 1815 1813 1794
1462 1467 1476 1485 1491 1498 1506 1515 1520 1529 1538 1543 1493 1461 1523 1522 1519 1578 1593 1590 1591 1607 1610 1575 1583 1617 1593 1545 1512 1588 1552 1624 1676 1662 1646 1617 1658 1711 1723 1653 1627 1585 1653 1650 1658 1687 1744 1726 1746 1737 1678 1746 1816 1829 1790 1692 1667 1682 1710 1801 1807 1830 1828 1791 1729 1693 1690 1699 1744 1790 1774 1767 1769
1447 1456 1464 1470 1478 1487 1492 1502 1507 1516 1523 1529 1483 1465 1551 1552 1556 1554 1520 1516 1572 1574 1563 1550 1549 1591 1569 1556 1496 1507 1557 1647 1648 1663 1643 1611 1647 1692 1654 1581 1560 1562 1572 1565 1613 1701 1631 1622 1689 1755 1758 1789 1781 1701 1724 1688 1681 1687 1674 1788 1786 1816 1811 1790 1756 1678 1678 1686 1696 1698 1704 1715 1726
1435 1441 1449 1458 1466 1473 1480 1489 1492 1501 1510 1516 1523 1526 1526 1464 1465 1363 1402 1394 1464 1487 1500 1513 1498 1500 1522 1508 1489 1546 1581 1602 1607 1627 1664 1672 1680 1677 1689 1596 1566 1538 1546 1556 1575 1605 1586 1572 1649 1699 1675 1730 1768 1724 1664 1696 1772 1775 1709 1798 1641 1676 1787 1781 1729 1682 1669 1677 1683 1686 1737 1726 1758
1423 1431 1437 1446 1453 1461 1467 1474 1481 1486 1496 1502 1504 1490 1480 1416 1339 1354 1471 1388 1373 1386 1394 1390 1399 1406 1451 1440 1437 1455 1513 1579 1601 1621 1641 1637 1633 1631 1627 1677 1576 1534 1521 1531 1540 1550 1568 1559 1566 1583 1610 1649 1711 1690 1666 1753 1696 1663 1670 1653 1631 1635 1654 1744 1753 1690 1661 1667 1671 1694 1768 1765 1762
1411 1417 1426 1430 1439 1446 1452 1460 1466 1470 1478 1488 1495 1475 1476 1378 1331 1440 1382 1355 1376 1365 1420 1464 1516 1534 1475 1458 1423 1470 1509 1484 1507 1613 1603 1635 1533 1555 1540 1562 1575 1556 1513 1532 1535 1534 1538 1546 1553 1558 1565 1576 1585 1637 1682 1663 1665 1643 1624 1619 1623 1636 1650 1647 1717 1670 1651 1655 1676 1729 1753 1700 1700
1398 1407 1412 1419 1427 1431 1441 1445 1448 1456 1460 1466 1466 1429 1365 1315 1365 1332 1370 1415 1403 1358 1469 1693 1821 1748 1745 1661 1519 1416 1440 1435 1465 1500 1564 1614 1548 1522 1516 1501 1569 1549 1518 1513 1515 1524 1529 1535 1547 1547 1553 1567 1591 1613 1604 1612 1595 1598 1603 1604 1608 1621 1628 1627 1644 1643 1642 1652 1662 1720 1742 1696 1677
1387 1395 1399 1407 1415 1421 1427 1435 1442 1444 1451 1453 1447 1371 1335 1328 1314 1386 1425 1436 1357 1388 1542 1681 1745 1667 1599 1744 1568 1458 1495 1422 1475 1536 1582 1583 1525 1498 1484 1482 1489 1524 1530 1514 1507 1513 1521 1527 1534 1539 1545 1554 1554 1562 1568 1572 1578 1585 1614 1672 1641 1624 1641 1616 1622 1636 1642 1669 1710 1732 1723 1710 1669
1373 1381 1389 1395 1402 1408 1414 1422 1426 1432 1436 1442 1439 1434 1344 1301 1307 1344 1441 1387 1334 1367 1363 1424 1500 1396 1417 1718 1703 1603 1442 1420 1497 1526 1490 1520 1552 1517 1475 1471 1473 1488 1531 1505 1494 1504 1509 1513 1522 1526 1533 1539 1545 1556 1568 1573 1578 1578 1644 1648 1675 1695 1655 1631 1629 1655 1646 1657 1691 1716 1715 1714 1695
1361 1370 1375 1385 1390 1395 1403 1410 1415 1420 1424 1424 1426 1428 1388 1295 1343 1386 1452 1393 1407 1386 1384 1376 1361 1361 1434 1499 1666 1497 1396 1429 1489 1500 1467 1475 1518 1525 1509 1474 1462 1468 1481 1516 1486 1492 1497 1504 1510 1517 1523 1529 1533 1541 1561 1562 1557 1574 1610 1589 1595 1601 1668 1690 1660 1680 1679 1691 1703 1697 1702 1696 1673
1351 1353 1361 1371 1378 1384 1391 1396 1404 1408 1412 1417 1419 1424 1427 1429 1429 1442 1444 1448 1379 1380 1401 1393 1386 1368 1361 1422 1599 1460 1390 1410 1437 1437 1431 1483 1508 1488 1456 1448 1452 1459 1463 1471 1476 1483 1487 1494 1500 1506 1513 1518 1524 1533 1542 1541 1548 1560 1563 1571 1644 1592 1672 1673 1679 1669 1655 1675 1685 1666 1642 1668 1672
