layers_USE/bio12.asc
NCOLS 732 
NROWS 480 
XLLCORNER 162.7 
YLLCORNER -23 
CELLSIZE 0.00833333333333333 
NODATA_value -32768 
[rows 288 to 319 of 480, columns 292 to 364 of 732]
1339 1345 1350 1354 1362 1371 1375 1383 1389 1396 1402 1405 1411 1417 1421 1423 1428 1428 1429 1370 1322 1329 1330 1352 1367 1425 1401 1389 1688 1466 1405 1394 1394 1409 1417 1445 1506 1494 1466 1442 1441 1451 1455 1460 1468 1472 1478 1484 1489 1497 1503 1509 1515 1518 1533 1543 1541 1541 1548 1560 1642 1639 1652 1607 1623 1611 1613 1614 1627 1613 1615 1624 1655
1329 1334 1340 1344 1350 1357 1362 1368 1373 1382 1391 1394 1398 1402 1407 1411 1416 1417 1415 1412 1335 1310 1394 1490 1629 1653 1630 1633 1683 1686 1504 1392 1385 1393 1414 1430 1465 1448 1452 1440 1434 1440 1446 1451 1461 1463 1469 1473 1481 1486 1493 1501 1508 1511 1524 1540 1532 1532 1544 1559 1612 1623 1614 1571 1571 1577 1581 1585 1593 1598 1603 1629 1638
1317 1322 1327 1332 1338 1340 1347 1351 1357 1366 1368 1375 1380 1385 1389 1399 1400 1400 1399 1392 1364 1316 1346 1495 1552 1595 1472 1752 1577 1631 1541 1413 1398 1394 1387 1397 1415 1425 1423 1421 1421 1450 1442 1443 1448 1454 1461 1466 1469 1477 1483 1493 1505 1510 1515 1514 1518 1521 1535 1571 1609 1597 1575 1562 1560 1565 1578 1588 1602 1612 1599 1607 1603
1306 1312 1320 1322 1322 1332 1339 1344 1339 1350 1355 1356 1365 1376 1381 1383 1386 1389 1389 1387 1371 1326 1307 1336 1323 1323 1356 1552 1408 1472 1377 1362 1392 1485 1422 1384 1390 1396 1405 1417 1433 1463 1481 1430 1434 1449 1449 1453 1459 1466 1474 1481 1514 1506 1495 1500 1504 1509 1517 1523 1586 1593 1571 1578 1554 1558 1578 1671 1650 1638 1597 1593 1622
1296 1302 1308 1312 1316 1319 1327 1333 1335 1342 1340 1348 1355 1365 1368 1368 1370 1380 1384 1381 1380 1372 1333 1308 1319 1325 1322 1477 1339 1348 1348 1359 1358 1463 1447 1391 1385 1385 1398 1437 1451 1462 1481 1463 1438 1437 1435 1471 1464 1456 1465 1473 1506 1511 1488 1488 1491 1512 1542 1541 1547 1552 1542 1560 1537 1555 1577 1641 1713 1682 1621 1585 1604
1284 1292 1296 1298 1305 1313 1316 1321 1324 1328 1328 1337 1348 1356 1358 1358 1368 1368 1370 1372 1371 1370 1372 1359 1361 1318 1328 1495 1354 1356 1345 1344 1369 1407 1360 1381 1426 1388 1380 1422 1430 1464 1502 1475 1427 1439 1440 1466 1478 1460 1445 1491 1554 1483 1480 1476 1482 1488 1498 1516 1518 1514 1526 1522 1532 1564 1587 1686 1682 1652 1660 1647 1645
1275 1281 1284 1292 1295 1301 1308 1312 1310 1319 1323 1328 1341 1342 1347 1343 1355 1352 1356 1364 1364 1377 1381 1368 1365 1336 1308 1309 1346 1326 1368 1333 1337 1348 1347 1355 1359 1397 1370 1435 1471 1464 1484 1490 1432 1448 1464 1462 1449 1454 1435 1440 1506 1512 1467 1465 1470 1477 1483 1488 1495 1527 1515 1524 1539 1579 1616 1651 1592 1567 1585 1589 1578
-32768 1270 1276 1279 1286 1291 1293 1300 1305 1307 1308 1320 1327 1330 1328 1340 1343 1343 1351 1350 1353 1367 1367 1368 1371 1370 1355 1330 1318 1363 1382 1363 1363 1345 1363 1347 1360 1354 1366 1432 1452 1459 1474 1471 1442 1438 1491 1470 1458 1416 1426 1456 1459 1466 1460 1463 1463 1476 1477 1478 1499 1510 1529 1531 1536 1555 1565 1569 1558 1541 1552 1546 1558
-32768 -32768 1265 1269 1274 1281 1286 1289 1291 1295 1301 1311 1310 1316 1316 1330 1334 1333 1341 1343 1346 1356 1362 1360 1365 1372 1379 1375 1375 1376 1378 1380 1383 1380 1376 1389 1352 1374 1400 1430 1435 1448 1460 1451 1421 1459 1456 1479 1464 1423 1416 1431 1492 1520 1498 1509 1482 1472 1474 1479 1491 1497 1502 1497 1505 1508 1517 1520 1529 1526 1538 1536 1552
-32768 -32768 -32768 1259 1265 1270 1273 1281 1282 1283 1294 1300 1300 1305 1303 1316 1323 1328 1331 1333 1336 1345 1349 1351 1355 1363 1365 1369 1369 1369 1373 1376 1373 1368 1391 1398 1397 1399 1399 1413 1429 1440 1447 1419 1441 1457 1465 1459 1429 1397 1398 1417 1444 1464 1458 1477 1486 1475 1473 1473 1483 1483 1477 1485 1497 1493 1500 1505 1509 1512 1539 1527 1544
-32768 -32768 -32768 -32768 -32768 1259 1263 1269 1274 1282 1284 1286 1295 1300 1300 1306 1312 1308 1314 1315 1324 1336 1338 1341 1347 1352 1352 1348 1351 1354 1363 1357 1364 1362 1385 1389 1387 1393 1403 1363 1409 1428 1430 1407 1420 1447 1442 1434 1421 1381 1383 1400 1428 1440 1421 1429 1444 1478 1501 1495 1492 1466 1469 1473 1475 1485 1486 1494 1502 1511 1526 1518 1542
-32768 -32768 -32768 -32768 -32768 -32768 -32768 -32768 1263 1268 1271 1280 1284 1287 1292 1294 1301 1304 1303 1304 1316 1323 1327 1333 1338 1341 1344 1344 1349 1350 1354 1350 1347 1334 1341 1377 1385 1391 1393 1391 1400 1415 1418 1411 1423 1432 1427 1411 1396 1402 1386 1383 1384 1392 1397 1404 1434 1473 1546 1559 1523 1482 1462 1465 1476 1469 1477 1513 1503 1522 1526 1529 1532
-32768 -32768 -32768 -32768 -32768 -32768 -32768 -32768 -32768 1259 1262 1268 1266 1272 1278 1285 1290 1287 1295 1305 1308 1314 1317 1321 1318 1330 1332 1335 1336 1340 1340 1342 1345 1339 1338 1333 1372 1379 1386 1392 1389 1400 1398 1387 1410 1419 1411 1390 1408 1398 1400 1367 1397 1380 1392 1414 1424 1506 1582 1602 1565 1492 1493 1501 1473 1459 1468 1468 1485 1502 1497 1499 1511
-32768 -32768 -32768 -32768 -32768 -32768 -32768 -32768 -32768 -32768 -32768 1256 1260 1263 1271 1274 1280 1283 1289 1293 1292 1300 1291 1282 1282 1294 1292 1326 1324 1313 1329 1331 1320 1330 1327 1282 1350 1359 1368 1375 1382 1387 1374 1365 1401 1406 1402 1406 1409 1361 1394 1377 1405 1376 1373 1402 1462 1496 1524 1475 1504 1560 1627 1511 1484 1455 1452 1500 1498 1492 1487 1482 1504
-32768 -32768 -32768 -32768 -32768 -32768 -32768 -32768 -32768 -32768 -32768 1246 1252 -32768 -32768 1264 1269 1272 1275 1274 1255 1253 1260 1254 1273 1293 1304 1313 1311 1317 1322 1316 1324 1326 1315 1307 1302 1343 1333 1351 1368 1361 1359 1369 1388 1393 1392 1384 1379 1343 1384 1403 1404 1368 1362 1385 1447 1428 1438 1417 1431 1440 1616 1581 1500 1462 1485 1528 1520 1540 1550 1480 1485
-32768 -32768 -32768 -32768 -32768 -32768 -32768 -32768 -32768 -32768 -32768 -32768 -32768 -32768 -32768 1251 1259 1252 1237 1244 1260 1258 1267 1275 1268 1258 1252 1269 1289 1289 1290 1293 1300 1312 1305 1304 1304 1313 1331 1349 1354 1363 1355 1357 1374 1377 1370 1369 1375 1353 1375 1392 1389 1382 1344 1374 1378 1376 1408 1393 1389 1415 1456 1568 1508 1447 1450 1449 1465 1474 1541 1510 1495
-32768 -32768 -32768 -32768 -32768 -32768 -32768 -32768 -32768 -32768 -32768 -32768 -32768 -32768 -32768 1243 1242 1211 1236 1249 1252 1253 1255 1266 1261 1243 1229 1230 1261 1250 1255 1245 1271 1289 1278 1304 1317 1321 1333 1328 1343 1337 1348 1355 1363 1364 1369 1369 1359 1350 1377 1381 1361 1347 1340 1371 1349 1357 1364 1372 1377 1383 1406 1448 1445 1441 1425 1426 1434 1453 1468 1487 1539
-32768 -32768 -32768 -32768 -32768 -32768 -32768 -32768 -32768 -32768 -32768 -32768 -32768 -32768 -32768 1231 1224 1228 1239 1242 1239 1247 1255 1256 1244 1263 1257 1246 1231 1216 1219 1221 1224 1263 1245 1283 1286 1299 1308 1325 1332 1328 1325 1334 1347 1353 1350 1337 1339 1360 1363 1342 1317 1328 1324 1340 1338 1362 1366 1361 1370 1378 1394 1422 1402 1406 1424 1419 1420 1429 1454 1468 1465
-32768 -32768 -32768 -32768 -32768 -32768 -32768 -32768 -32768 -32768 -32768 -32768 -32768 -32768 -32768 1220 1225 1227 1232 1234 1237 1240 1241 1230 1251 1240 1239 1246 1244 1205 1205 1209 1210 1227 1216 1217 1222 1258 1274 1307 1309 1321 1325 1333 1325 1326 1310 1306 1321 1353 1356 1348 1325 1313 1327 1336 1328 1362 1365 1347 1370 1365 1372 1401 1427 1400 1397 1403 1411 1424 1437 1429 1437
-32768 -32768 -32768 -32768 -32768 -32768 -32768 -32768 -32768 -32768 -32768 -32768 -32768 -32768 -32768 1212 1215 1218 1222 1226 1226 1230 1235 1236 1239 1242 1243 1240 1240 1241 1255 1245 1201 1201 1218 1218 1223 1213 1211 1249 1286 1298 1314 1321 1321 1305 1327 1315 1329 1339 1328 1310 1297 1317 1312 1340 1357 1367 1358 1336 1359 1355 1371 1397 1400 1383 1385 1397 1400 1427 1425 1419 1441
-32768 -32768 -32768 -32768 -32768 -32768 -32768 -32768 -32768 -32768 -32768 -32768 -32768 -32768 -32768 -32768 1206 1207 1211 1215 1218 1223 1213 1208 1211 1226 1229 1240 1244 1246 1248 1246 1242 1192 1210 1225 1206 1201 1223 1205 1207 1282 1303 1306 1310 1310 1318 1322 1324 1331 1332 1275 1284 1325 1324 1312 1332 1349 1326 1324 1346 1356 1365 1356 1363 1372 1377 1382 1391 1399 1401 1414 1431
-32768 -32768 -32768 -32768 -32768 -32768 -32768 -32768 -32768 -32768 -32768 -32768 -32768 -32768 -32768 -32768 -32768 -32768 1203 1206 1207 1212 1216 1221 1222 1225 1226 1227 1236 1240 1234 1243 1247 1245 1213 1195 1204 1206 1246 1228 1223 1226 1286 1293 1300 1304 1307 1308 1314 1318 1319 1318 1304 1315 1331 1320 1331 1345 1330 1326 1321 1350 1366 1350 1372 1364 1387 1381 1392 1384 1392 1401 1415
-32768 -32768 -32768 -32768 -32768 -32768 -32768 -32768 -32768 -32768 -32768 -32768 -32768 -32768 -32768 -32768 -32768 -32768 -32768 -32768 -32768 1203 1203 1210 1212 1216 1221 1222 1225 1212 1214 1234 1239 1241 1238 1229 1211 1243 1175 1174 1197 1175 1280 1283 1280 1288 1292 1297 1301 1306 1310 1312 1318 1322 1324 1320 1333 1331 1340 1331 1322 1318 1355 1360 1337 1351 1369 1420 1446 1396 1384 1394 1419
-32768 -32768 -32768 -32768 -32768 -32768 -32768 -32768 -32768 -32768 -32768 -32768 -32768 -32768 -32768 -32768 -32768 -32768 -32768 -32768 -32768 -32768 -32768 1199 1201 1206 1208 1211 1210 1200 1217 1225 1226 1232 1234 1239 1240 1239 1250 1249 1207 1260 1269 1221 1187 1242 1276 1266 1289 1294 1299 1302 1306 1309 1313 1317 1323 1324 1330 1333 1316 1309 1343 1328 1332 1365 1403 1448 1448 1426 1436 1388 1427
-32768 -32768 -32768 -32768 -32768 -32768 -32768 -32768 -32768 -32768 -32768 -32768 -32768 -32768 -32768 -32768 -32768 -32768 -32768 -32768 -32768 -32768 -32768 -32768 -32768 1198 1200 1204 1207 1208 1212 1216 1210 1200 1214 1229 1234 1236 1238 1244 1249 1252 1256 1256 1184 1231 1200 1185 1275 1279 1278 1285 1289 1293 1301 1303 1308 1309 1310 1316 1325 1330 1333 1316 1327 1328 1362 1395 1400 1405 1438 1442 1421
-32768 -32768 -32768 -32768 -32768 -32768 -32768 -32768 -32768 -32768 -32768 -32768 -32768 -32768 -32768 -32768 -32768 -32768 -32768 -32768 -32768 -32768 -32768 -32768 -32768 -32768 -32768 1193 1196 1198 1200 1205 1210 1212 1195 1212 1224 1228 -32768 -32768 -32768 1241 1226 1183 1155 1254 1230 1204 1204 1231 1250 1273 1253 1278 1286 1287 1292 1289 1293 1296 1303 1314 1324 1325 1311 1316 1326 1361 1366 1396 1385 1415 1404
-32768 -32768 -32768 -32768 -32768 -32768 -32768 -32768 -32768 -32768 -32768 -32768 -32768 -32768 -32768 -32768 -32768 -32768 -32768 -32768 -32768 -32768 -32768 -32768 -32768 -32768 -32768 -32768 -32768 -32768 -32768 -32768 1199 1203 1206 1208 -32768 -32768 -32768 -32768 1224 1229 1230 1225 1218 1224 1205 1170 1183 1257 1232 1248 1238 1227 1232 1244 1275 1267 1260 1265 1271 1284 1305 1312 1317 1316 1320 1320 1343 1367 1365 1399 1384
-32768 -32768 -32768 -32768 -32768 -32768 -32768 -32768 -32768 -32768 -32768 -32768 -32768 -32768 -32768 -32768 -32768 -32768 -32768 -32768 -32768 -32768 -32768 -32768 -32768 -32768 -32768 -32768 -32768 -32768 -32768 -32768 -32768 -32768 -32768 -32768 -32768 -32768 -32768 1213 1216 1220 1224 1228 1231 1229 1238 1240 1246 1245 1196 1227 1248 1223 1217 1227 1232 1241 1248 1259 1270 1269 1275 1283 1296 1298 1305 1312 1334 1327 1339 1370 1348
-32768 -32768 -32768 -32768 -32768 -32768 -32768 -32768 -32768 -32768 -32768 -32768 -32768 -32768 -32768 -32768 -32768 -32768 -32768 -32768 -32768 -32768 -32768 -32768 -32768 -32768 -32768 -32768 -32768 -32768 -32768 -32768 -32768 -32768 -32768 -32768 -32768 -32768 -32768 1204 -32768 -32768 1215 1217 1220 1224 1228 1230 1229 1228 1218 1200 1215 1233 1241 1231 1237 1233 1238 1252 1262 1262 1268 1273 1283 1289 1297 1301 1309 1312 1321 1335 1367
-32768 -32768 -32768 -32768 -32768 -32768 -32768 -32768 -32768 -32768 -32768 -32768 -32768 -32768 -32768 -32768 -32768 -32768 -32768 -32768 -32768 -32768 -32768 -32768 -32768 -32768 -32768 -32768 -32768 -32768 -32768 -32768 -32768 -32768 -32768 -32768 -32768 -32768 -32768 -32768 -32768 1193 1188 1191 1205 1216 1208 1216 1217 1218 1210 1186 1206 1216 1201 1220 1237 1234 1235 1245 1252 1260 1264 1268 1273 1279 1285 1292 1298 1303 1310 1325 1385
-32768 -32768 -32768 -32768 -32768 -32768 -32768 -32768 -32768 -32768 -32768 -32768 -32768 -32768 -32768 -32768 -32768 -32768 -32768 -32768 -32768 -32768 -32768 -32768 -32768 -32768 -32768 -32768 -32768 -32768 -32768 -32768 -32768 -32768 -32768 -32768 -32768 -32768 -32768 -32768 1186 1190 1183 1173 1196 1187 1188 1205 1197 1211 1198 1184 1180 1197 1194 1215 1224 1233 1235 1238 1244 1247 1254 1257 1265 1270 1278 1283 1293 1293 1301 1305 1320
-32768 -32768 -32768 -32768 -32768 -32768 -32768 -32768 -32768 -32768 -32768 -32768 -32768 -32768 -32768 -32768 -32768 -32768 -32768 -32768 -32768 -32768 -32768 -32768 -32768 -32768 -32768 -32768 -32768 -32768 -32768 -32768 -32768 -32768 -32768 -32768 -32768 -32768 -32768 -32768 1178 1179 1185 1186 1179 1175 1189 1198 1201 1204 1205 1201 1206 1205 1194 1196 1207 1216 1224 1227 1229 1235 1244 1255 1263 1266 1268 1278 1278 1285 1290 1296 1301
