layers_USE/bio1.asc
NCOLS 732 
NROWS 480 
XLLCORNER 162.7 
YLLCORNER -23 
CELLSIZE 0.00833333333333333 
NODATA_value -32768 
[rows 231 to 263 of 480, columns 222 to 295 of 732]
-32768 -32768 233 233 233 233 -32768 -32768 233 233 232 233 233 233 233 231 226 213 208 231 230 231 231 227 226 228 228 229 231 228 228 229 227 227 224 223 212 221 224 223 215 205 200 197 195 202 214 219 222 215 199 212 217 217 216 216 213 218 221 222 223 223 225 225 222 220 219 226 225 224 217 220 224 218
-32768 -32768 -32768 -32768 233 -32768 -32768 -32768 233 233 233 233 233 233 233 233 230 227 231 232 226 217 222 223 220 224 216 226 228 229 228 229 222 226 228 223 217 221 225 224 225 220 212 197 191 199 210 212 221 221 207 212 217 219 219 219 220 221 221 224 222 222 221 221 218 218 224 224 223 220 217 217 216 217
-32768 -32768 -32768 -32768 -32768 -32768 -32768 -32768 -32768 -32768 233 233 233 233 233 233 231 232 232 232 213 207 204 209 207 199 203 212 223 226 226 228 225 222 224 224 225 227 227 225 222 220 215 200 190 196 201 200 210 210 203 203 216 217 219 220 221 222 221 221 217 218 217 216 214 220 227 224 220 215 213 209 206 206
-32768 -32768 -32768 -32768 -32768 -32768 -32768 -32768 -32768 -32768 -32768 -32768 -32768 233 233 233 233 232 232 232 220 214 208 207 200 207 199 200 212 214 220 225 226 210 213 220 223 226 221 226 225 219 218 206 193 189 190 198 196 195 196 191 199 207 214 215 218 219 217 216 216 218 217 216 223 226 222 221 210 206 200 193 194 197
-32768 -32768 -32768 -32768 -32768 -32768 -32768 -32768 -32768 -32768 -32768 -32768 -32768 233 233 233 233 232 232 228 218 227 220 219 210 219 213 202 200 199 210 220 225 221 220 213 212 216 214 221 224 221 222 208 199 193 185 188 190 197 197 207 207 204 206 206 213 216 216 217 217 217 219 222 222 220 216 217 213 207 196 196 207 216
-32768 -32768 -32768 -32768 -32768 -32768 -32768 -32768 -32768 -32768 -32768 -32768 -32768 233 233 233 233 233 233 232 227 229 217 211 224 226 208 198 195 194 203 215 221 222 222 219 212 205 200 206 220 213 207 207 200 192 187 199 202 212 215 221 220 219 214 214 216 216 216 217 220 219 221 218 219 214 211 212 212 208 205 218 217 224
-32768 -32768 -32768 -32768 -32768 -32768 -32768 -32768 -32768 -32768 -32768 -32768 233 231 229 233 233 233 233 232 231 228 219 221 229 211 205 210 202 200 195 204 211 216 221 221 216 216 203 196 207 207 201 204 209 205 189 197 214 223 225 225 225 222 217 216 217 216 218 216 217 216 215 216 216 212 209 208 211 216 219 222 226 227
-32768 -32768 -32768 -32768 -32768 -32768 -32768 -32768 -32768 -32768 -32768 -32768 233 233 233 233 233 233 233 233 232 226 227 229 229 224 224 221 216 194 190 192 196 205 210 219 225 226 220 204 203 213 210 211 222 218 203 206 213 218 223 226 228 224 217 216 219 221 223 222 225 220 216 214 211 210 210 214 217 218 226 228 220 223
-32768 -32768 -32768 -32768 -32768 -32768 -32768 -32768 -32768 -32768 -32768 -32768 233 -32768 -32768 233 233 233 233 232 232 232 230 231 230 222 215 209 200 198 196 193 189 189 191 207 222 226 228 217 214 213 215 226 228 223 225 224 214 218 218 226 229 229 223 220 226 226 226 223 226 223 221 217 212 215 220 221 223 224 225 223 222 220
-32768 -32768 -32768 -32768 -32768 -32768 -32768 -32768 -32768 -32768 -32768 -32768 -32768 -32768 -32768 -32768 -32768 -32768 233 232 232 232 231 226 224 216 207 208 200 203 203 204 195 191 189 192 215 226 228 228 221 223 224 227 223 223 225 229 225 213 220 225 229 229 230 227 228 225 227 220 219 217 216 217 212 214 216 222 222 222 217 216 218 215
-32768 -32768 -32768 -32768 -32768 -32768 -32768 -32768 -32768 -32768 -32768 -32768 -32768 -32768 -32768 232 -32768 233 232 231 230 230 226 216 221 215 215 219 202 208 211 206 202 195 188 204 214 225 228 230 227 223 229 230 221 225 222 226 229 224 220 227 229 230 228 228 224 219 220 221 208 209 211 217 215 214 219 219 219 221 209 211 216 209
-32768 -32768 -32768 -32768 -32768 -32768 -32768 -32768 -32768 -32768 -32768 -32768 -32768 -32768 233 233 233 231 227 226 228 230 230 223 229 219 220 225 230 224 205 199 196 191 199 213 222 229 229 230 227 229 230 230 231 230 224 228 230 228 226 229 230 229 227 221 214 215 208 215 212 208 204 212 211 217 221 217 209 209 208 212 214 212
-32768 -32768 -32768 -32768 -32768 -32768 -32768 -32768 -32768 -32768 -32768 -32768 -32768 -32768 -32768 233 233 231 232 231 221 225 224 230 228 224 227 231 227 214 214 213 213 203 213 228 229 230 231 230 228 228 230 229 231 230 228 230 230 230 229 230 230 229 225 213 207 201 199 208 209 207 202 204 211 215 216 215 206 211 211 210 207 201
-32768 -32768 -32768 -32768 -32768 -32768 -32768 -32768 -32768 -32768 -32768 -32768 -32768 -32768 -32768 -32768 233 232 232 227 221 221 231 231 231 230 231 232 226 228 228 224 213 214 227 230 231 231 231 228 221 227 230 231 230 229 228 230 231 231 230 230 229 229 221 222 220 210 201 207 210 205 201 199 206 209 212 211 206 207 204 202 208 205
-32768 -32768 -32768 -32768 -32768 -32768 -32768 -32768 -32768 -32768 -32768 -32768 -32768 -32768 -32768 -32768 233 233 232 232 226 226 232 232 232 231 232 232 232 231 231 232 227 231 231 232 232 232 231 231 229 229 232 232 231 231 231 231 231 230 228 228 227 228 229 227 223 212 209 218 218 212 205 200 211 212 204 195 199 202 204 200 204 202
-32768 -32768 -32768 -32768 -32768 -32768 -32768 -32768 -32768 -32768 -32768 -32768 -32768 -32768 -32768 -32768 -32768 233 232 232 232 233 232 232 232 231 232 232 232 233 233 233 232 232 232 232 232 232 232 232 231 232 232 232 230 230 230 230 231 230 229 228 224 225 227 227 227 221 219 223 222 216 212 210 220 214 202 202 209 212 212 204 209 206
-32768 -32768 -32768 -32768 -32768 -32768 -32768 -32768 -32768 -32768 -32768 -32768 -32768 -32768 -32768 -32768 -32768 -32768 233 232 232 -32768 232 233 232 231 232 232 233 232 233 233 233 233 232 232 232 232 232 232 232 232 232 232 230 230 230 229 230 230 229 227 227 225 226 226 226 223 222 223 226 221 214 218 221 212 208 213 216 218 213 207 212 214
-32768 -32768 -32768 -32768 -32768 -32768 -32768 -32768 -32768 -32768 -32768 -32768 -32768 -32768 -32768 -32768 -32768 -32768 -32768 -32768 -32768 -32768 -32768 233 232 229 230 -32768 -32768 233 233 233 233 233 232 232 232 232 232 232 232 232 232 231 230 229 229 229 229 228 227 227 226 223 220 219 225 220 221 223 225 222 222 225 224 224 221 221 224 220 211 213 217 213
-32768 -32768 -32768 -32768 -32768 -32768 -32768 -32768 -32768 -32768 -32768 -32768 -32768 -32768 -32768 -32768 -32768 -32768 -32768 232 -32768 -32768 -32768 232 233 230 -32768 -32768 -32768 233 233 233 233 233 232 232 232 231 231 232 231 230 230 230 230 230 229 229 229 229 229 226 228 227 221 217 228 227 224 225 227 227 225 225 224 223 223 221 220 220 213 211 217 218
-32768 -32768 -32768 -32768 -32768 -32768 -32768 -32768 -32768 -32768 -32768 -32768 -32768 -32768 -32768 -32768 -32768 -32768 -32768 233 -32768 -32768 -32768 -32768 233 233 -32768 -32768 232 232 233 233 233 232 232 232 231 231 230 231 231 231 230 231 231 231 229 230 230 230 229 229 226 226 228 227 229 227 225 228 226 222 221 223 221 222 222 221 219 219 212 216 212 216
-32768 -32768 -32768 -32768 -32768 -32768 -32768 -32768 -32768 -32768 -32768 -32768 -32768 -32768 -32768 -32768 -32768 -32768 -32768 232 -32768 -32768 -32768 -32768 -32768 -32768 -32768 -32768 -32768 -32768 232 232 232 232 232 231 232 231 231 232 232 231 230 232 230 231 231 231 231 231 231 230 230 227 229 228 226 223 224 227 224 225 226 227 224 214 215 214 217 211 203 211 214 215
-32768 -32768 -32768 -32768 -32768 -32768 -32768 -32768 -32768 -32768 -32768 -32768 -32768 -32768 -32768 -32768 -32768 -32768 -32768 -32768 -32768 -32768 -32768 -32768 -32768 -32768 -32768 -32768 -32768 232 232 232 232 232 232 232 232 232 232 232 231 231 231 232 231 231 231 231 231 231 231 230 230 230 230 230 229 227 224 225 229 226 222 221 226 223 219 208 209 202 208 210 214 218
-32768 -32768 -32768 -32768 -32768 -32768 -32768 -32768 -32768 -32768 -32768 -32768 -32768 -32768 -32768 -32768 -32768 -32768 -32768 -32768 -32768 -32768 -32768 -32768 -32768 -32768 -32768 -32768 -32768 -32768 -32768 -32768 -32768 232 232 232 232 232 231 230 231 231 232 232 231 231 231 231 231 231 231 230 230 230 230 229 229 229 229 228 228 226 221 223 219 221 210 215 210 202 206 211 212 212
-32768 -32768 -32768 -32768 -32768 -32768 -32768 -32768 -32768 -32768 -32768 -32768 -32768 -32768 -32768 -32768 -32768 -32768 -32768 -32768 -32768 -32768 -32768 -32768 -32768 -32768 -32768 -32768 -32768 -32768 -32768 -32768 -32768 232 232 232 232 233 231 231 232 232 232 232 232 231 231 230 230 230 230 229 229 230 229 229 229 228 228 229 229 227 227 222 211 206 208 207 206 201 207 211 202 211
-32768 -32768 -32768 -32768 -32768 -32768 -32768 -32768 -32768 -32768 -32768 -32768 -32768 -32768 -32768 -32768 -32768 -32768 -32768 -32768 -32768 -32768 -32768 -32768 -32768 -32768 -32768 -32768 -32768 -32768 -32768 -32768 -32768 233 232 232 232 232 232 232 232 232 232 232 232 231 231 231 230 230 230 229 229 228 228 228 228 226 228 226 228 225 225 225 218 211 206 207 206 202 203 208 203 213
-32768 -32768 -32768 -32768 -32768 -32768 -32768 -32768 -32768 -32768 -32768 -32768 -32768 -32768 -32768 -32768 -32768 -32768 -32768 -32768 -32768 -32768 -32768 -32768 -32768 -32768 -32768 -32768 -32768 -32768 -32768 -32768 -32768 -32768 232 232 232 232 232 232 232 232 232 231 231 231 231 230 230 230 229 229 227 227 226 227 227 226 226 227 225 222 218 223 218 217 213 207 207 204 199 203 202 213
-32768 -32768 -32768 -32768 -32768 -32768 -32768 -32768 -32768 -32768 -32768 -32768 -32768 -32768 -32768 -32768 -32768 -32768 -32768 -32768 -32768 -32768 -32768 -32768 -32768 -32768 -32768 -32768 -32768 -32768 -32768 -32768 -32768 232 232 232 232 232 232 232 232 232 231 231 231 231 230 229 229 228 228 228 226 224 222 223 225 222 221 224 224 222 217 207 207 205 203 204 205 203 197 202 205 214
-32768 -32768 -32768 -32768 -32768 -32768 -32768 -32768 -32768 -32768 -32768 -32768 -32768 -32768 -32768 -32768 -32768 -32768 -32768 -32768 -32768 -32768 -32768 -32768 -32768 -32768 -32768 -32768 -32768 -32768 -32768 -32768 -32768 232 232 231 231 231 231 231 232 230 231 230 229 230 230 228 227 225 226 226 222 216 213 212 211 209 206 214 222 215 211 199 192 190 191 198 203 203 204 204 209 209
-32768 -32768 -32768 -32768 -32768 -32768 -32768 -32768 -32768 -32768 -32768 -32768 -32768 -32768 -32768 -32768 -32768 -32768 -32768 -32768 -32768 -32768 -32768 -32768 -32768 -32768 -32768 -32768 -32768 -32768 -32768 233 -32768 232 231 232 231 230 230 230 230 230 228 228 228 227 227 226 225 223 223 218 206 200 191 186 179 185 190 206 212 211 204 195 183 177 180 194 205 205 204 206 201 202
-32768 -32768 -32768 -32768 -32768 -32768 -32768 -32768 -32768 -32768 -32768 -32768 -32768 -32768 -32768 -32768 -32768 -32768 -32768 -32768 -32768 -32768 -32768 -32768 -32768 -32768 -32768 -32768 -32768 -32768 -32768 -32768 -32768 232 232 232 231 231 230 228 228 220 210 220 227 228 228 227 227 224 218 213 198 187 185 183 178 188 195 201 213 216 205 189 178 177 186 204 213 213 207 211 207 204
-32768 -32768 -32768 -32768 -32768 -32768 -32768 -32768 -32768 -32768 -32768 -32768 -32768 -32768 -32768 -32768 -32768 -32768 -32768 -32768 -32768 -32768 -32768 -32768 -32768 -32768 -32768 -32768 -32768 -32768 -32768 -32768 -32768 232 232 232 232 230 230 227 216 210 210 215 228 228 227 227 226 226 223 214 201 196 195 194 198 201 213 209 224 215 204 194 183 184 200 213 218 217 211 209 209 210
-32768 -32768 -32768 -32768 -32768 -32768 -32768 -32768 -32768 -32768 -32768 -32768 -32768 -32768 -32768 -32768 -32768 -32768 -32768 -32768 -32768 -32768 -32768 -32768 -32768 -32768 -32768 -32768 -32768 -32768 -32768 -32768 -32768 -32768 232 232 232 231 230 229 225 228 215 225 229 228 228 227 221 220 217 211 213 218 215 204 204 213 220 219 224 221 210 188 189 205 210 218 221 220 211 211 213 213
-32768 -32768 -32768 -32768 -32768 -32768 -32768 -32768 -32768 -32768 -32768 -32768 -32768 -32768 -32768 -32768 -32768 -32768 -32768 -32768 -32768 -32768 -32768 -32768 -32768 -32768 -32768 -32768 -32768 -32768 -32768 -32768 -32768 -32768 232 232 232 232 231 231 230 230 230 228 229 228 229 225 228 223 206 206 208 222 224 217 207 213 224 226 225 216 202 199 201 212 221 223 214 214 202 208 210 212
