layers_USE/bio12.asc
NCOLS 732 
NROWS 480 
XLLCORNER 162.7 
YLLCORNER -23 
CELLSIZE 0.00833333333333333 
NODATA_value -32768 
[rows 224 to 255 of 480, columns 219 to 291 of 732]
1132 1142 1150 1160 1167 1176 1189 1204 1215 1218 1230 1243 1260 1269 1288 1293 1293 1305 1316 1324 1337 1382 1388 1394 1438 1460 1497 1446 1482 1512 1592 1606 1651 1626 1621 1654 1682 1733 1722 1823 1782 1775 1761 1775 1805 1816 1852 1878 1839 1854 1859 1877 1905 1915 1944 1974 2015 2015 2018 2027 2034 2041 2053 2067 2072 2094 2103 2115 2105 2102 2085 2031 2115
1126 1131 1144 1150 1162 1168 1183 1200 1200 1207 1219 1236 1254 1249 1264 1278 1282 1292 1302 1318 1332 1351 1356 1376 1400 1434 1439 1462 1451 1553 1699 1712 1725 1619 1586 1652 1632 1656 1664 1697 1727 1740 1754 1771 1796 1830 1837 1824 1830 1848 1857 1891 1930 1958 1939 1959 2032 2033 2025 2035 2034 2030 2042 2056 2078 2089 2085 2089 2112 2088 2080 2072 2089
1120 1128 1137 1145 1154 1164 1175 1187 1191 1201 1214 1231 1245 1242 1249 1263 1271 1281 1292 1305 1319 1334 1346 1396 1377 1392 1417 1426 1472 1535 1568 1709 1724 1629 1564 1576 1598 1646 1652 1716 1757 1785 1790 1794 1818 1821 1821 1836 1854 1837 1852 1891 1992 1950 1943 2007 1922 1918 1930 1900 2025 2020 2030 2047 2064 2063 2062 2069 2106 2125 2100 2107 2134
1115 1121 1130 1139 1145 1154 1164 1175 1183 1195 1211 1217 1227 1239 1239 1249 1259 1270 1285 1300 1318 1340 1357 1394 1401 1386 1415 1441 1441 1471 1535 1603 1585 1566 1544 1585 1613 1614 1695 1783 1734 1817 1892 1856 1821 1818 1828 1839 1838 1837 1853 1903 1982 1869 1868 1860 1868 1876 1870 1899 1960 2014 2015 2032 2054 2052 2047 2072 2096 2128 2143 2132 2167
-32768 1116 -32768 -32768 1139 1149 1160 1167 1176 1187 1196 1206 1217 1226 1230 1240 1252 1262 1274 1296 1325 1341 1467 1431 1396 1409 1395 1402 1415 1459 1470 1493 1514 1511 1549 1598 1622 1649 1674 1745 1856 1842 1864 1900 1863 1853 1904 1865 1849 1814 1829 1917 1956 1843 1853 1853 1853 1906 1861 1896 1975 1999 2006 2015 2041 2046 2054 2082 2105 2120 2113 2120 2115
-32768 -32768 -32768 -32768 -32768 1142 1150 1161 1167 1176 1185 1192 1204 1215 1223 1232 1244 1253 1270 1294 1435 1484 1589 1502 1415 1371 1378 1397 1414 1433 1443 1490 1514 1517 1553 1635 1687 1675 1634 1808 1729 1696 1735 1740 1841 1900 1904 1859 1804 1827 1820 1907 1937 1868 1902 1876 1887 1920 1893 1918 1978 1981 1988 2007 2031 2040 2058 2074 2087 2110 2124 2084 2103
-32768 -32768 -32768 -32768 -32768 1136 1144 1152 1162 1174 1178 1186 1195 1207 1214 1223 1235 1244 1261 1281 1349 1533 1539 1416 1399 1349 1368 1391 1406 1418 1433 1468 1531 1556 1541 1574 1625 1592 1658 1782 1697 1680 1674 1726 1826 1881 1882 1897 1877 1850 1829 1841 1904 1925 1932 1941 1946 1940 1955 1961 1958 1968 1984 2004 2019 2031 2047 2062 2076 2063 2075 2130 2142
-32768 -32768 -32768 -32768 -32768 1130 1138 1147 1155 -32768 -32768 1179 1188 1199 1203 1217 1223 1237 1257 1322 1467 1522 1305 1330 1333 1348 1402 1422 1418 1435 1441 1440 1474 1493 1503 1533 1551 1593 1615 1722 1656 1651 1674 1743 1840 1861 1852 1844 1886 1828 1817 1816 1857 1905 1888 1883 1898 1910 1923 1934 1943 1957 1970 1988 2001 2019 2035 2037 2044 2048 2095 2107 2111
-32768 -32768 -32768 -32768 -32768 -32768 -32768 1140 -32768 -32768 -32768 1172 1180 1191 1196 1208 1217 1225 1235 1272 1314 1279 1286 1364 1459 1431 1428 1477 1454 1539 1455 1454 1459 1480 1493 1567 1551 1548 1602 1662 1650 1633 1661 1670 1717 1783 1839 1800 1862 1842 1837 1812 1821 1887 1877 1872 1879 1894 1908 1917 1931 1944 1962 1973 1985 1996 2006 2009 2018 2057 2075 2077 2071
-32768 -32768 -32768 -32768 -32768 -32768 -32768 -32768 -32768 -32768 -32768 -32768 -32768 1179 1190 1196 1207 1214 1228 1247 1250 1264 1277 1487 1553 1591 1557 1594 1655 1649 1581 1495 1476 1488 1487 1532 1575 1571 1585 1590 1595 1613 1640 1679 1704 1750 1834 1783 1824 1856 1857 1841 1848 1880 1885 1861 1870 1879 1894 1904 1921 1933 1943 1948 1961 1970 1975 1977 2014 2056 2060 2052 2027
-32768 -32768 -32768 -32768 -32768 -32768 -32768 -32768 -32768 -32768 -32768 -32768 -32768 -32768 -32768 -32768 1200 1207 1218 1229 1239 1253 1265 1401 1473 1551 1566 1630 1594 1654 1662 1586 1579 1531 1507 1513 1662 1654 1609 1598 1594 1643 1621 1646 1693 1721 1805 1785 1766 1781 1834 1826 1822 1831 1807 1857 1877 1872 1881 1892 1904 1913 1924 1932 1948 1957 1961 2002 2026 2025 2028 1973 1956
-32768 -32768 -32768 -32768 -32768 -32768 -32768 -32768 -32768 -32768 -32768 -32768 -32768 -32768 -32768 -32768 1188 1201 1209 1218 1233 1241 1295 1413 1335 1416 1438 1547 1464 1545 1639 1660 1673 1615 1535 1514 1557 1583 1650 1669 1656 1676 1647 1641 1672 1680 1778 1801 1775 1752 1764 1775 1815 1821 1845 1853 1861 1865 1872 1878 1888 1900 1911 1922 1931 1947 1974 1987 1991 1972 1993 1973 1948
-32768 -32768 -32768 -32768 -32768 -32768 -32768 -32768 -32768 -32768 -32768 -32768 -32768 -32768 -32768 -32768 1183 1190 1200 1207 1219 1232 1248 1320 1308 1436 1510 1400 1398 1575 1639 1648 1658 1656 1571 1535 1544 1553 1589 1658 1721 1743 1736 1659 1712 1756 1766 1788 1756 1745 1803 1815 1798 1803 1799 1814 1826 1843 1853 1865 1874 1884 1898 1913 1925 1943 1944 1956 1944 1934 1947 1955 1939
-32768 -32768 -32768 -32768 -32768 -32768 -32768 -32768 -32768 -32768 -32768 -32768 -32768 -32768 -32768 1168 1192 1216 1191 1201 1207 1220 1235 1259 1305 1417 1404 1336 1520 1584 1556 1625 1643 1655 1652 1609 1577 1552 1570 1615 1624 1721 1725 1722 1732 1760 1763 1747 1775 1735 1778 1769 1754 1761 1780 1793 1811 1827 1840 1851 1861 1873 1881 1893 1901 1906 1918 1930 1921 1911 1910 1937 1974
-32768 -32768 -32768 -32768 -32768 -32768 -32768 -32768 -32768 -32768 -32768 -32768 -32768 -32768 -32768 1160 1169 1173 1181 1190 1198 1209 1223 1243 1320 1328 1313 1331 1397 1415 1452 1505 1631 1637 1643 1660 1648 1624 1573 1544 1550 1607 1712 1721 1682 1713 1718 1675 1708 1766 1770 1756 1752 1756 1762 1772 1797 1816 1824 1838 1851 1868 1879 1899 1900 1896 1895 1894 1895 1900 1926 1958 1977
-32768 -32768 -32768 -32768 -32768 -32768 -32768 -32768 -32768 -32768 -32768 -32768 -32768 -32768 -32768 1153 -32768 -32768 1174 1181 1191 1201 1216 1232 1251 1286 1289 1309 1403 1477 1541 1604 1619 1629 1631 1641 1644 1653 1645 1555 1541 1540 1623 1653 1670 1669 1630 1634 1675 1680 1698 1739 1743 1755 1752 1759 1771 1799 1814 1826 1841 1856 1868 1884 1893 1901 1897 1882 1909 1943 1957 1984 2001
-32768 -32768 -32768 -32768 -32768 -32768 -32768 -32768 -32768 -32768 -32768 -32768 -32768 -32768 -32768 -32768 -32768 -32768 -32768 -32768 -32768 1193 1214 1227 1244 1265 1338 1363 1452 1533 1539 1593 1591 1599 1606 1629 1631 1638 1643 1587 1531 1527 1544 1603 1607 1617 1612 1650 1660 1671 1667 1697 1738 1739 1743 1745 1759 1774 1797 1811 1827 1843 1848 1856 1861 1868 1879 1866 1883 1907 1953 1962 1973
-32768 -32768 -32768 -32768 -32768 -32768 -32768 -32768 -32768 -32768 -32768 -32768 -32768 -32768 -32768 -32768 -32768 -32768 1165 -32768 1180 1198 1224 1243 1256 1317 1415 1386 1450 1461 1436 1573 1551 1540 1579 1611 1623 1629 1629 1584 1525 1518 1522 1558 1593 1575 1585 1646 1641 1669 1665 1671 1704 1723 1722 1730 1744 1766 1783 1799 1810 1822 1836 1806 1817 1832 1870 1862 1868 1910 1920 1930 1955
-32768 -32768 -32768 -32768 -32768 -32768 -32768 -32768 -32768 -32768 -32768 -32768 -32768 -32768 -32768 -32768 -32768 1151 1160 1169 1194 1251 1266 1258 1248 1263 1346 1300 1403 1410 1376 1348 1410 1559 1592 1603 1608 1617 1568 1520 1488 1501 1510 1544 1552 1559 1576 1585 1605 1649 1645 1652 1678 1700 1704 1716 1736 1758 1773 1776 1787 1779 1804 1805 1795 1783 1830 1833 1872 1904 1886 1845 1846
-32768 -32768 -32768 -32768 -32768 -32768 -32768 -32768 -32768 -32768 -32768 -32768 -32768 -32768 -32768 -32768 -32768 -32768 1155 1167 1184 1192 1208 1317 1301 1316 1266 1296 1354 1342 1316 1366 1480 1495 1508 1523 1584 1540 1457 1464 1471 1482 1507 1528 1543 1549 1569 1574 1595 1617 1628 1640 1656 1678 1689 1702 1722 1746 1752 1748 1730 1726 1771 1777 1774 1751 1768 1818 1846 1856 1862 1805 1845
-32768 -32768 -32768 -32768 -32768 -32768 -32768 -32768 -32768 -32768 -32768 -32768 -32768 -32768 -32768 -32768 -32768 -32768 -32768 1163 1172 1185 1245 1313 1328 1240 1251 1268 1292 1297 1306 1360 1362 1379 1419 1506 1516 1441 1431 1442 1457 1471 1505 1554 1543 1541 1547 1570 1590 1609 1617 1626 1642 1660 1676 1696 1710 1735 1746 1757 1746 1716 1749 1769 1748 1735 1727 1772 1796 1823 1819 1790 1802
-32768 -32768 -32768 -32768 -32768 -32768 -32768 -32768 -32768 -32768 -32768 -32768 -32768 -32768 -32768 -32768 -32768 -32768 -32768 1159 1168 1178 1193 1266 1274 1228 1242 1257 1274 1283 1296 1312 1330 1345 1356 1402 1387 1403 1414 1431 1445 1461 1479 1502 1517 1519 1535 1552 1569 1582 1601 1616 1636 1655 1673 1687 1701 1713 1733 1748 1738 1734 1771 1782 1767 1739 1716 1788 1798 1745 1705 1725 1748
-32768 -32768 -32768 -32768 -32768 -32768 -32768 -32768 -32768 -32768 -32768 -32768 -32768 -32768 -32768 -32768 -32768 -32768 -32768 -32768 1164 1175 1186 1197 1211 1225 1233 1249 1267 1277 1291 1304 1317 1329 1344 1358 1374 1390 1404 1419 1434 1451 1464 1481 1495 1513 1523 1547 1564 1576 1592 1603 1622 1640 1659 1680 1694 1706 1717 1733 1744 1750 1770 1782 1767 1762 1758 1817 1796 1718 1726 1776 1809
-32768 -32768 -32768 -32768 -32768 -32768 -32768 -32768 -32768 -32768 -32768 -32768 -32768 -32768 -32768 -32768 -32768 -32768 -32768 -32768 -32768 1173 1183 1194 -32768 1218 1229 1243 1263 1269 1283 1296 1311 1325 1337 1352 1366 1380 1395 1411 1425 1439 1453 1469 1485 1499 1516 1535 1554 1569 1587 1594 1612 1630 1650 1663 1680 1692 1709 1720 1731 1742 1757 1772 1777 1757 1786 1808 1765 1742 1788 1812 1847
-32768 -32768 -32768 -32768 -32768 -32768 -32768 -32768 -32768 -32768 -32768 -32768 -32768 -32768 -32768 -32768 -32768 -32768 -32768 -32768 -32768 -32768 -32768 -32768 -32768 -32768 1226 1238 1272 1279 -32768 -32768 1304 1316 1330 1345 1358 1373 1387 1401 1416 1430 1446 1463 1475 1490 1508 1525 1546 1559 1573 1585 1606 1621 1637 1653 1668 1680 1689 1707 1714 1728 1743 1759 1764 1776 1798 1806 1817 1818 1829 1852 1840
-32768 -32768 -32768 -32768 -32768 -32768 -32768 -32768 -32768 -32768 -32768 -32768 -32768 -32768 -32768 -32768 -32768 -32768 -32768 -32768 -32768 -32768 1177 -32768 -32768 -32768 1222 1232 1260 -32768 -32768 -32768 1297 1310 1324 1336 1353 1365 1380 1392 1412 1424 1437 1457 1473 1491 1502 1518 1529 1548 1563 1578 1593 1607 1627 1639 1654 1667 1669 1693 1707 1720 1732 1747 1761 1773 1782 1791 1801 1813 1810 1817 1823
-32768 -32768 -32768 -32768 -32768 -32768 -32768 -32768 -32768 -32768 -32768 -32768 -32768 -32768 -32768 -32768 -32768 -32768 -32768 -32768 -32768 -32768 1172 -32768 -32768 -32768 -32768 1228 1239 -32768 -32768 1277 1294 1304 1318 1332 1344 1359 1373 1391 1406 1421 1432 1448 1462 1479 1490 1504 1518 1537 1547 1562 1576 1594 1608 1628 1643 1652 1667 1678 1693 1708 1719 1733 1734 1746 1762 1764 1777 1792 1799 1791 1805
-32768 -32768 -32768 -32768 -32768 -32768 -32768 -32768 -32768 -32768 -32768 -32768 -32768 -32768 -32768 -32768 -32768 -32768 -32768 -32768 -32768 -32768 1168 -32768 -32768 -32768 -32768 -32768 -32768 -32768 -32768 -32768 -32768 1297 1310 1322 1339 1353 1369 1377 1395 1409 1421 1435 1450 1467 1475 1495 1505 1520 1534 1548 1561 1578 1592 1609 1626 1636 1654 1668 1677 1691 1706 1716 1731 1744 1756 1761 1719 1738 1738 1764 1723
-32768 -32768 -32768 -32768 -32768 -32768 -32768 -32768 -32768 -32768 -32768 -32768 -32768 -32768 -32768 -32768 -32768 -32768 -32768 -32768 -32768 -32768 -32768 -32768 -32768 -32768 -32768 -32768 -32768 -32768 -32768 -32768 1279 1291 1305 1319 1331 1344 1357 1368 1382 1397 1409 1429 1442 1454 1466 1481 1495 1508 1522 1535 1551 1564 1580 1594 1608 1622 1633 1652 1665 1679 1691 1706 1715 1717 1727 1755 1754 1742 1669 1684 1633
-32768 -32768 -32768 -32768 -32768 -32768 -32768 -32768 -32768 -32768 -32768 -32768 -32768 -32768 -32768 -32768 -32768 -32768 -32768 -32768 -32768 -32768 -32768 -32768 -32768 -32768 -32768 -32768 -32768 -32768 -32768 -32768 -32768 -32768 -32768 -32768 1322 1334 1347 1362 1374 1391 1408 1420 1434 1442 1456 1470 1485 1497 1513 1529 1539 1554 1566 1583 1594 1610 1622 1636 1650 1665 1678 1691 1703 1699 1717 1708 1730 1663 1712 1682 1616
-32768 -32768 -32768 -32768 -32768 -32768 -32768 -32768 -32768 -32768 -32768 -32768 -32768 -32768 -32768 -32768 -32768 -32768 -32768 -32768 -32768 -32768 -32768 -32768 -32768 -32768 -32768 -32768 -32768 -32768 -32768 -32768 -32768 -32768 -32768 -32768 1316 1328 1339 1352 1365 1383 1395 1408 1419 1432 1447 1460 1474 1490 1505 1519 1533 1547 1560 1573 1587 1600 1612 1628 1641 1652 1663 1677 1690 1702 1701 1651 1607 1631 1630 1626 1593
-32768 -32768 -32768 -32768 -32768 -32768 -32768 -32768 -32768 -32768 -32768 -32768 -32768 -32768 -32768 -32768 -32768 -32768 -32768 -32768 -32768 -32768 -32768 -32768 -32768 -32768 -32768 -32768 -32768 -32768 -32768 -32768 -32768 -32768 -32768 -32768 1309 1320 1335 1344 1360 1374 1384 1397 1411 1423 1438 1450 1465 1477 1492 1507 1522 1534 1548 1564 1576 1589 1603 1613 1629 1638 1649 1663 1673 1686 1694 1678 1634 1602 1618 1617 1581
